$ST.summary
        obs.ST      mean      stdev       Min Quantile25    Median Quantile75
N_40 0.8361765 0.8306861 0.04446249 0.7747866  0.7747866 0.8297415  0.8361765
E_60 0.7873350 0.7926768 0.13084027 0.5839046  0.7873350 0.8063632  0.9527091
E_0  0.8448676 0.8342547 0.07232837 0.7791761  0.7831381 0.7831381  0.8448676
N_0  0.9047173 0.9058474 0.03685594 0.8434208  0.9047173 0.9047173  0.9395802
E_40 0.8072020 0.8076423 0.01286818 0.7961929  0.7974077 0.8072020  0.8280053
N_60 0.5340957 0.5128995 0.11367782 0.4092213  0.4092213 0.4594949  0.5340957
           Max LowerWhisker LowerHinge    Median HigherHinge HigherWhisker
N_40 0.9040012    0.7747866  0.7747866 0.8297415   0.8361765     0.9040012
E_60 0.9527091    0.5839046  0.7873350 0.8063632   0.9527091     0.9527091
E_0  0.9722885    0.7791761  0.7831381 0.7831381   0.8448676     0.8448676
N_0  0.9395802    0.9047173  0.9047173 0.9047173   0.9395802     0.9395802
E_40 0.8280053    0.7961929  0.7974077 0.8072020   0.8280053     0.8280053
N_60 0.7335710    0.4092213  0.4092213 0.4594949   0.5340957     0.5340957
      Outlier1  Outlier2  Outlier3  Outlier4  Outlier5  Outlier6  Outlier7
N_40        NA        NA        NA        NA        NA        NA        NA
E_60        NA        NA        NA        NA        NA        NA        NA
E_0  0.9722885 0.9722885 0.9722885 0.9722885 0.9722885 0.9722885 0.9722885
N_0  0.8434208 0.8434208 0.8434208 0.8434208 0.8434208 0.8434208 0.8434208
E_40        NA        NA        NA        NA        NA        NA        NA
N_60 0.7335710 0.7335710 0.7335710 0.7335710 0.7335710 0.7335710 0.7335710
      Outlier8  Outlier9 Outlier10 Outlier11 Outlier12 Outlier13 Outlier14
N_40        NA        NA        NA        NA        NA        NA        NA
E_60        NA        NA        NA        NA        NA        NA        NA
E_0  0.9722885 0.9722885 0.9722885 0.9722885 0.9722885 0.9722885 0.9722885
N_0  0.8434208 0.8434208 0.8434208 0.8434208 0.8434208 0.8434208 0.8434208
E_40        NA        NA        NA        NA        NA        NA        NA
N_60 0.7335710 0.7335710 0.7335710 0.7335710 0.7335710 0.7335710 0.7335710
     Outlier15 Outlier16 Outlier17 Outlier18 Outlier19 Outlier20 Outlier21
N_40        NA        NA        NA        NA        NA        NA        NA
E_60        NA        NA        NA        NA        NA        NA        NA
E_0  0.9722885 0.9722885 0.9722885 0.9722885 0.9722885        NA        NA
N_0  0.8434208 0.8434208 0.8434208 0.8434208 0.8434208 0.8434208 0.8434208
E_40        NA        NA        NA        NA        NA        NA        NA
N_60 0.7335710 0.7335710 0.7335710 0.7335710        NA        NA        NA
     Outlier22 Outlier23
N_40        NA        NA
E_60        NA        NA
E_0         NA        NA
N_0  0.8434208 0.8434208
E_40        NA        NA
N_60        NA        NA

$NST.summary
       obs.NST      mean      stdev       Min Quantile25    Median Quantile75
N_40 0.8224064 0.7727033 0.07609641 0.6618793  0.6618793 0.7762951  0.8224064
E_60 0.6248003 0.6016379 0.25787843 0.1743186  0.6248003 0.6447632  0.8973625
E_0  0.7836536 0.6630696 0.20572494 0.4856841  0.4856841 0.4956541  0.7836536
N_0  0.8999956 0.8668659 0.05756151 0.7723637  0.8534620 0.8999956  0.9239329
E_40 0.7268468 0.6624404 0.05113103 0.5936309  0.6295065 0.6891913  0.7268468
N_60 0.2860529 0.2505159 0.18083846 0.1134356  0.1134356 0.1324374  0.2860529
           Max LowerWhisker LowerHinge    Median HigherHinge HigherWhisker
N_40 0.8654901    0.6618793  0.6618793 0.7762951   0.8224064     0.8654901
E_60 0.8973625    0.6248003  0.6248003 0.6447632   0.8973625     0.8973625
E_0  1.0000000    0.4856841  0.4856841 0.4956541   0.7836536     1.0000000
N_0  0.9239329    0.7723637  0.8534620 0.8999956   0.9239329     0.9239329
E_40 0.7268468    0.5936309  0.6295065 0.6891913   0.7268468     0.7268468
N_60 0.6056880    0.1134356  0.1134356 0.1324374   0.2860529     0.2860529
      Outlier1  Outlier2  Outlier3  Outlier4  Outlier5  Outlier6  Outlier7
N_40        NA        NA        NA        NA        NA        NA        NA
E_60 0.1743186 0.1743186 0.1743186 0.1743186 0.1743186 0.1743186 0.1743186
E_0         NA        NA        NA        NA        NA        NA        NA
N_0         NA        NA        NA        NA        NA        NA        NA
E_40        NA        NA        NA        NA        NA        NA        NA
N_60 0.6056880 0.6056880 0.6056880 0.6056880 0.6056880 0.6056880 0.6056880
      Outlier8  Outlier9 Outlier10 Outlier11 Outlier12 Outlier13 Outlier14
N_40        NA        NA        NA        NA        NA        NA        NA
E_60 0.1743186 0.1743186 0.1743186 0.1743186 0.1743186 0.1743186 0.1743186
E_0         NA        NA        NA        NA        NA        NA        NA
N_0         NA        NA        NA        NA        NA        NA        NA
E_40        NA        NA        NA        NA        NA        NA        NA
N_60 0.6056880 0.6056880 0.6056880 0.6056880 0.6056880 0.6056880 0.6056880
     Outlier15 Outlier16 Outlier17 Outlier18 Outlier19 Outlier20 Outlier21
N_40        NA        NA        NA        NA        NA        NA        NA
E_60 0.1743186 0.1743186 0.1743186 0.1743186 0.1743186 0.1743186 0.1743186
E_0         NA        NA        NA        NA        NA        NA        NA
N_0         NA        NA        NA        NA        NA        NA        NA
E_40        NA        NA        NA        NA        NA        NA        NA
N_60 0.6056880 0.6056880 0.6056880 0.6056880        NA        NA        NA
     Outlier22 Outlier23
N_40        NA        NA
E_60 0.1743186 0.1743186
E_0         NA        NA
N_0         NA        NA
E_40        NA        NA
N_60        NA        NA

$ST.compare
      group1 group2 ST.group1.obs.ST ST.group2.obs.ST w.value.W      p.wtest
 [1,]      5      3        0.8361765        0.7873350      5972 8.350825e-03
 [2,]      5      1        0.8361765        0.8448676      4480 1.002061e-01
 [3,]      5      4        0.8361765        0.9047173       460 2.454627e-29
 [4,]      5      2        0.8361765        0.8072020      7200 3.007893e-08
 [5,]      5      6        0.8361765        0.5340957     10000 3.560294e-35
 [6,]      3      1        0.7873350        0.8448676      4911 4.136853e-01
 [7,]      3      4        0.7873350        0.9047173      2600 1.708475e-09
 [8,]      3      2        0.7873350        0.8072020      4376 6.231389e-02
 [9,]      3      6        0.7873350        0.5340957      9586 6.794342e-30
[10,]      1      4        0.8448676        0.9047173      2498 3.535810e-10
[11,]      1      2        0.8448676        0.8072020      4500 1.091913e-01
[12,]      1      6        0.8448676        0.5340957     10000 3.407591e-35
[13,]      4      2        0.9047173        0.8072020     10000 3.791318e-35
[14,]      4      6        0.9047173        0.5340957     10000 3.632139e-35
[15,]      2      6        0.8072020        0.5340957     10000 3.670191e-35
      p.count w.value.noOut.W p.wtest.noOut p.count.noOut
 [1,]  0.4028            5972  8.350825e-03     0.4028000
 [2,]  0.4480            4480  1.076536e-01     0.5530864
 [3,]  0.0460               0  5.592592e-31     0.0000000
 [4,]  0.2800            7200  3.007893e-08     0.2800000
 [5,]  0.0000            8200  5.143001e-32     0.0000000
 [6,]  0.4911            4911  6.535346e-03     0.6062963
 [7,]  0.2600            2002  1.653110e-08     0.2600000
 [8,]  0.4376            4376  6.231389e-02     0.4376000
 [9,]  0.0414            8200  5.343070e-32     0.0000000
[10,]  0.2498               0  1.714144e-28     0.0000000
[11,]  0.5500            2600  1.453289e-05     0.6790123
[12,]  0.0000            6642  2.416900e-29     0.0000000
[13,]  0.0000            7700  5.812235e-31     0.0000000
[14,]  0.0000            6314  1.271866e-28     0.0000000
[15,]  0.0000            8200  5.335194e-32     0.0000000

$NST.compare
      group1 group2 NST.group1.obs.NST NST.group2.obs.NST w.value.W
 [1,]      5      3          0.8224064          0.6248003      6728
 [2,]      5      1          0.8224064          0.7836536      6618
 [3,]      5      4          0.8224064          0.8999956      2096
 [4,]      5      2          0.8224064          0.7268468      8544
 [5,]      5      6          0.8224064          0.2860529     10000
 [6,]      3      1          0.6248003          0.7836536      4911
 [7,]      3      4          0.6248003          0.8999956      1170
 [8,]      3      2          0.6248003          0.7268468      4346
 [9,]      3      6          0.6248003          0.2860529      9011
[10,]      1      4          0.7836536          0.8999956      2498
[11,]      1      2          0.7836536          0.7268468      4500
[12,]      1      6          0.7836536          0.2860529      9010
[13,]      4      2          0.8999956          0.7268468     10000
[14,]      4      6          0.8999956          0.2860529     10000
[15,]      2      6          0.7268468          0.2860529      9604
           p.wtest p.count w.value.noOut.W p.wtest.noOut p.count.noOut
 [1,] 1.042657e-05  0.3272            4428  4.206874e-02     0.4249351
 [2,] 3.352092e-05  0.3382            6618  3.352092e-05     0.3382000
 [3,] 4.242618e-13  0.2096            2096  4.242618e-13     0.2096000
 [4,] 1.282496e-18  0.1456            8544  1.282496e-18     0.1456000
 [5,] 3.560294e-35  0.0000            8200  5.143001e-32     0.0000000
 [6,] 4.136853e-01  0.4911            4911  7.542901e-04     0.6377922
 [7,] 2.003555e-21  0.1170            1170  5.631786e-16     0.1519481
 [8,] 5.375097e-02  0.4346            4346  6.923698e-02     0.5644156
 [9,] 2.532840e-23  0.0989            6314  1.296079e-28     0.0000000
[10,] 3.535810e-10  0.2498            2498  3.535810e-10     0.2498000
[11,] 1.091913e-01  0.5500            4500  1.091913e-01     0.5500000
[12,] 2.472474e-23  0.0990            8200  4.877898e-32     0.0000000
[13,] 3.791318e-35  0.0000           10000  3.791318e-35     0.0000000
[14,] 3.632139e-35  0.0000            8200  5.268516e-32     0.0000000
[15,] 4.092870e-30  0.0396            8200  5.335194e-32     0.0000000

$ST.between.summary
                obs.ST      mean       stdev       Min Quantile25    Median
N_40.vs.E_60 0.5751432 0.5743144 0.026875355 0.5008585  0.5558778 0.5751432
N_40.vs.E_0  0.4358532 0.4348032 0.013004624 0.4087228  0.4267748 0.4339891
N_40.vs.N_0  0.4132922 0.4151855 0.017546521 0.3691985  0.4057146 0.4150989
N_40.vs.E_40 0.6169656 0.6202630 0.030900263 0.5637102  0.6009692 0.6169656
N_40.vs.N_60 0.4810615 0.4841504 0.030308112 0.4278490  0.4615578 0.4795572
E_60.vs.E_0  0.5096259 0.5094574 0.010741066 0.4701180  0.5023802 0.5096259
E_60.vs.N_0  0.5069578 0.5066836 0.011348683 0.4811782  0.4982327 0.5069578
E_60.vs.E_40 0.6741074 0.6764699 0.047252529 0.5629063  0.6523030 0.6779390
E_60.vs.N_60 0.5656101 0.5675256 0.036728140 0.4862276  0.5409817 0.5670306
E_0.vs.N_0   0.5269541 0.5251571 0.011941631 0.5020303  0.5199261 0.5254051
E_0.vs.E_40  0.5051623 0.5074946 0.017431412 0.4588294  0.4958449 0.5079610
E_0.vs.N_60  0.4255276 0.4252061 0.012920347 0.3962426  0.4183036 0.4255276
N_0.vs.E_40  0.4955166 0.4919059 0.017391857 0.4525335  0.4769057 0.4933678
N_0.vs.N_60  0.4090415 0.4089935 0.005896079 0.3967591  0.4049124 0.4086264
E_40.vs.N_60 0.5193868 0.5214586 0.016740587 0.4684951  0.5086227 0.5218116
             Quantile75       Max LowerWhisker LowerHinge    Median HigherHinge
N_40.vs.E_60  0.5952328 0.6247313    0.5008585  0.5556031 0.5751432   0.5952328
N_40.vs.E_0   0.4440758 0.4676179    0.4087228  0.4267748 0.4339891   0.4440947
N_40.vs.N_0   0.4292464 0.4501758    0.3726352  0.4056931 0.4150989   0.4295219
N_40.vs.E_40  0.6358710 0.7529496    0.5637102  0.6004893 0.6169656   0.6358710
N_40.vs.N_60  0.5023475 0.5941927    0.4278490  0.4615578 0.4795572   0.5023475
E_60.vs.E_0   0.5137936 0.5410358    0.4858583  0.5023802 0.5096259   0.5138592
E_60.vs.N_0   0.5153435 0.5369156    0.4811782  0.4978934 0.5069578   0.5153435
E_60.vs.E_40  0.7064489 0.7782772    0.5905173  0.6497595 0.6779390   0.7064939
E_60.vs.N_60  0.5949915 0.6397644    0.4862276  0.5397275 0.5670306   0.5953124
E_0.vs.N_0    0.5303567 0.5769961    0.5047723  0.5199261 0.5254051   0.5304118
E_0.vs.E_40   0.5171498 0.5557057    0.4693973  0.4958259 0.5079610   0.5171498
E_0.vs.N_60   0.4336595 0.4532353    0.3962426  0.4182554 0.4255276   0.4340276
N_0.vs.E_40   0.5038693 0.5281414    0.4525335  0.4767506 0.4933678   0.5038693
N_0.vs.N_60   0.4128703 0.4245380    0.3967591  0.4047891 0.4086264   0.4130118
E_40.vs.N_60  0.5348773 0.5526571    0.4840726  0.5086227 0.5218116   0.5350943
             HigherWhisker  Outlier1  Outlier2  Outlier3  Outlier4  Outlier5
N_40.vs.E_60     0.6247313        NA        NA        NA        NA        NA
N_40.vs.E_0      0.4676179        NA        NA        NA        NA        NA
N_40.vs.N_0      0.4501758 0.3691985        NA        NA        NA        NA
N_40.vs.E_40     0.6868391 0.7017748 0.7529496        NA        NA        NA
N_40.vs.N_60     0.5579015 0.5941927 0.5710959        NA        NA        NA
E_60.vs.E_0      0.5302853 0.4701180 0.5348064 0.5410358 0.5329106 0.5329106
E_60.vs.N_0      0.5369156        NA        NA        NA        NA        NA
E_60.vs.E_40     0.7782772 0.5640869 0.5629063 0.5629063 0.5629063        NA
E_60.vs.N_60     0.6397644        NA        NA        NA        NA        NA
E_0.vs.N_0       0.5408355 0.5020303 0.5526667 0.5030153 0.5023587 0.5769961
E_0.vs.E_40      0.5410484 0.5557057 0.4588294        NA        NA        NA
E_0.vs.N_60      0.4532353        NA        NA        NA        NA        NA
N_0.vs.E_40      0.5281414        NA        NA        NA        NA        NA
N_0.vs.N_60      0.4245380        NA        NA        NA        NA        NA
E_40.vs.N_60     0.5526571 0.4684951        NA        NA        NA        NA
              Outlier6  Outlier7  Outlier8  Outlier9
N_40.vs.E_60        NA        NA        NA        NA
N_40.vs.E_0         NA        NA        NA        NA
N_40.vs.N_0         NA        NA        NA        NA
N_40.vs.E_40        NA        NA        NA        NA
N_40.vs.N_60        NA        NA        NA        NA
E_60.vs.E_0  0.5329106        NA        NA        NA
E_60.vs.N_0         NA        NA        NA        NA
E_60.vs.E_40        NA        NA        NA        NA
E_60.vs.N_60        NA        NA        NA        NA
E_0.vs.N_0   0.5026870 0.5691923 0.5020303 0.5499423
E_0.vs.E_40         NA        NA        NA        NA
E_0.vs.N_60         NA        NA        NA        NA
N_0.vs.E_40         NA        NA        NA        NA
N_0.vs.N_60         NA        NA        NA        NA
E_40.vs.N_60        NA        NA        NA        NA

$NST.between.summary
                obs.NST       mean       stdev        Min Quantile25     Median
N_40.vs.E_60 0.25941196 0.25486354 0.049968809 0.14563210 0.21815467 0.25941196
N_40.vs.E_0  0.09406174 0.09257467 0.006184157 0.07053388 0.08876683 0.09376828
N_40.vs.N_0  0.10331239 0.10079174 0.008386371 0.07983925 0.09509243 0.10325928
N_40.vs.E_40 0.33882499 0.34131600 0.056322061 0.23095410 0.30197992 0.33882499
N_40.vs.N_60 0.22282597 0.21980319 0.035420131 0.13523376 0.19408052 0.22282597
E_60.vs.E_0  0.13087586 0.12736729 0.007555594 0.09918396 0.12375994 0.12776923
E_60.vs.N_0  0.12509180 0.11965400 0.007986913 0.09580793 0.11637488 0.12121105
E_60.vs.E_40 0.44527155 0.42343948 0.090287083 0.19235860 0.37184403 0.43877755
E_60.vs.N_60 0.25859495 0.25027723 0.071134235 0.09028074 0.19510719 0.25859495
E_0.vs.N_0   0.27319450 0.26231107 0.020232133 0.21471372 0.25113297 0.26049246
E_0.vs.E_40  0.11491389 0.11177508 0.008377380 0.08668106 0.10714588 0.11218615
E_0.vs.N_60  0.08277551 0.07877773 0.013751502 0.04667378 0.06800755 0.07850340
N_0.vs.E_40  0.10313712 0.10074784 0.005516492 0.08614472 0.09721072 0.10213208
N_0.vs.N_60  0.09612692 0.09418330 0.013137292 0.05928159 0.08649368 0.09612692
E_40.vs.N_60 0.15032838 0.14866022 0.021756050 0.08926791 0.13818627 0.15032838
             Quantile75       Max LowerWhisker LowerHinge     Median
N_40.vs.E_60 0.29479183 0.3628328   0.14563210 0.21815467 0.25941196
N_40.vs.E_0  0.09772303 0.1059033   0.07898197 0.08876683 0.09376828
N_40.vs.N_0  0.10528142 0.1200048   0.07983925 0.09507125 0.10325928
N_40.vs.E_40 0.37635224 0.5495953   0.23095410 0.30197992 0.33882499
N_40.vs.N_60 0.24007717 0.3206907   0.13523376 0.19408052 0.22282597
E_60.vs.E_0  0.13112800 0.1408536   0.11342525 0.12375994 0.12776923
E_60.vs.N_0  0.12519825 0.1326374   0.10325741 0.11611543 0.12121105
E_60.vs.E_40 0.48263810 0.6262582   0.20394919 0.36870188 0.43877755
E_60.vs.N_60 0.29922458 0.3746514   0.09028074 0.19394447 0.25859495
E_0.vs.N_0   0.27339444 0.3211638   0.21836288 0.25113297 0.26049246
E_0.vs.E_40  0.11766657 0.1304245   0.09369623 0.10714588 0.11218615
E_0.vs.N_60  0.08942633 0.1024040   0.04667378 0.06800755 0.07850340
N_0.vs.E_40  0.10445196 0.1106331   0.08909702 0.09721072 0.10213208
N_0.vs.N_60  0.10340855 0.1192921   0.07181531 0.08649368 0.09612692
E_40.vs.N_60 0.15982328 0.1836781   0.11114710 0.13778613 0.15032838
             HigherHinge HigherWhisker   Outlier1   Outlier2  Outlier3
N_40.vs.E_60  0.29479183     0.3628328         NA         NA        NA
N_40.vs.E_0   0.09772303     0.1059033 0.07053388         NA        NA
N_40.vs.N_0   0.10533089     0.1200048         NA         NA        NA
N_40.vs.E_40  0.37635224     0.4765661 0.54959527         NA        NA
N_40.vs.N_60  0.24007717     0.2927944 0.32069066 0.31453893        NA
E_60.vs.E_0   0.13112800     0.1408536 0.09918396 0.10948679 0.1063577
E_60.vs.N_0   0.12519825     0.1326374 0.09978687 0.09580793 0.1016876
E_60.vs.E_40  0.48263810     0.6262582 0.19235860         NA        NA
E_60.vs.N_60  0.30111055     0.3746514         NA         NA        NA
E_0.vs.N_0    0.27359438     0.3022152 0.21471372 0.31884993 0.3211638
E_0.vs.E_40   0.11766657     0.1304245 0.08668106         NA        NA
E_0.vs.N_60   0.08954928     0.1024040         NA         NA        NA
N_0.vs.E_40   0.10446185     0.1106331 0.08614472 0.08614472        NA
N_0.vs.N_60   0.10340855     0.1192921 0.06066622 0.05928159        NA
E_40.vs.N_60  0.16005904     0.1836781 0.08926791         NA        NA

