   index  group1  group2 Index.group1 Index.group2   Difference       F.obs
1    NST all.grp all.grp           NA           NA           NA  2.11491712
2    NST       5       3    0.8224064    0.6248003  0.197606058  0.58789818
3    NST       5       1    0.8224064    0.7836536  0.038752801  0.03632853
4    NST       5       4    0.8224064    0.8999956 -0.077589260  0.77816556
5    NST       5       2    0.8224064    0.7268468  0.095559571  1.91522795
6    NST       5       6    0.8224064    0.2860529  0.536353504  8.89484838
7    NST       3       1    0.6248003    0.7836536 -0.158853257  0.25409269
8    NST       3       4    0.6248003    0.8999956 -0.275195318  1.15254251
9    NST       3       2    0.6248003    0.7268468 -0.102046488  0.16597660
10   NST       3       6    0.6248003    0.2860529  0.338747446  1.27055765
11   NST       1       4    0.7836536    0.8999956 -0.116342061  0.33315665
12   NST       1       2    0.7836536    0.7268468  0.056806770  0.08568887
13   NST       1       6    0.7836536    0.2860529  0.497600703  3.79569715
14   NST       4       2    0.8999956    0.7268468  0.173148831  7.38978387
15   NST       4       6    0.8999956    0.2860529  0.613942764 11.91638524
16   NST       2       6    0.7268468    0.2860529  0.440793934  6.77886219
17    ST all.grp all.grp           NA           NA           NA  3.55227334
18    ST       5       3    0.8361765    0.7873350  0.048841452  0.18211890
19    ST       5       1    0.8361765    0.8448676 -0.008691097  0.01382909
20    ST       5       4    0.8361765    0.9047173 -0.068540793  2.00167490
21    ST       5       2    0.8361765    0.8072020  0.028974482  0.55596005
22    ST       5       6    0.8361765    0.5340957  0.302080731  7.89388124
23    ST       3       1    0.7873350    0.8448676 -0.057532549  0.21006329
24    ST       3       4    0.7873350    0.9047173 -0.117382245  1.08990322
25    ST       3       2    0.7873350    0.8072020 -0.019866970  0.03343436
26    ST       3       6    0.7873350    0.5340957  0.253239279  2.93434414
27    ST       1       4    0.8448676    0.9047173 -0.059849696  0.71560062
28    ST       1       2    0.8448676    0.8072020  0.037665579  0.34032510
29    ST       1       6    0.8448676    0.5340957  0.310771828  6.79247482
30    ST       4       2    0.9047173    0.8072020  0.097515274  9.02586768
31    ST       4       6    0.9047173    0.5340957  0.370621523 12.37095578
32    ST       2       6    0.8072020    0.5340957  0.273106249  7.26506303
      P.anova   P.panova     P.perm
1  0.13358276 0.19047619        NaN
2  0.48598324 0.28571429 0.42857143
3  0.85812136 0.76190476 0.23809524
4  0.42752519 0.14285714 0.16666667
5  0.23859376 0.09523810 0.40476190
6  0.04064134 0.09523810 0.50000000
7  0.64070599 0.23809524 0.07142857
8  0.34346702 0.33333333 0.04761905
9  0.70457308 1.00000000 0.26190476
10 0.32270159 0.57142857 0.45238095
11 0.59473613 0.38095238 0.09523810
12 0.78428814 0.23809524 0.42857143
13 0.12320374 0.09523810 0.50000000
14 0.05307363 0.04761905 0.50000000
15 0.02600664 0.14285714 0.50000000
16 0.05981956 0.14285714 0.50000000
17 0.03342610 0.14285714        NaN
18 0.69152477 0.42857143 0.33333333
19 0.91205533 0.61904762 0.26190476
20 0.23003856 0.14285714 0.07142857
21 0.49732391 0.19047619 0.30952381
22 0.04833635 0.09523810 0.50000000
23 0.67051308 0.52380952 0.14285714
24 0.35543015 0.19047619 0.02380952
25 0.86380893 1.00000000 0.26190476
26 0.16187246 0.28571429 0.50000000
27 0.44522780 0.19047619 0.07142857
28 0.59095120 0.09523810 0.45238095
29 0.05965543 0.09523810 0.50000000
30 0.03977270 0.04761905 0.50000000
31 0.02451111 0.14285714 0.50000000
32 0.05435404 0.09523810 0.50000000
