$index.pair
    name1 name2 D.ij.ruzicka G.ij.ruzicka Ds.ij.ruzicka Gs.ij.ruzicka C.ij.ruzicka
1   E3_60 N1_40    0.8317097    0.4203165     0.8317097     0.4203165    0.1682903
2    E1_0 N1_40    0.8691617    0.3432394     0.8691617     0.3432394    0.1308383
3    N2_0 N1_40    0.8314425    0.3050276     0.8314425     0.3050276    0.1685575
4   E3_40 N1_40    0.7104128    0.3941747     0.7104128     0.3941747    0.2895872
5   E2_60 N1_40    0.8316861    0.4410897     0.8316861     0.4410897    0.1683139
6   N2_40 N1_40    0.4548736    0.3119229     0.4548736     0.3119229    0.5451264
7    E3_0 N1_40    0.8885392    0.3883760     0.8885392     0.3883760    0.1114608
8   E2_40 N1_40    0.7718100    0.4511532     0.7718100     0.4511532    0.2281900
9   E1_40 N1_40    0.8172772    0.4760228     0.8172772     0.4760228    0.1827228
10  N3_60 N1_40    0.7062362    0.3370760     0.7062362     0.3370760    0.2937638
11  N1_60 N1_40    0.6738709    0.3384085     0.6738709     0.3384085    0.3261291
12   N1_0 N1_40    0.8636227    0.3045110     0.8636227     0.3045110    0.1363773
13  N2_60 N1_40    0.7600488    0.3575020     0.7600488     0.3575020    0.2399512
14  E1_60 N1_40    0.8356941    0.4489290     0.8356941     0.4489290    0.1643059
15   E2_0 N1_40    0.8859597    0.3887513     0.8859597     0.3887513    0.1140403
16   N3_0 N1_40    0.8529635    0.3199391     0.8529635     0.3199391    0.1470365
17  N3_40 N1_40    0.4258862    0.3462940     0.4258862     0.3462940    0.5741138
18   E1_0 E3_60    0.8780548    0.4445070     0.8780548     0.4445070    0.1219452
19   N2_0 E3_60    0.8661808    0.4377031     0.8661808     0.4377031    0.1338192
20  E3_40 E3_60    0.8155601    0.4686226     0.8155601     0.4686226    0.1844399
21  E2_60 E3_60    0.1383330    0.4612914     0.1383330     0.4612914    0.8616670
22  N2_40 E3_60    0.7110251    0.4198059     0.7110251     0.4198059    0.2889749
23   E3_0 E3_60    0.8680273    0.4368240     0.8680273     0.4368240    0.1319727
24  E2_40 E3_60    0.6659501    0.4954703     0.6659501     0.4954703    0.3340499
25  E1_40 E3_60    0.6927267    0.4878727     0.6927267     0.4878727    0.3072733
26  N3_60 E3_60    0.7428431    0.4396914     0.7428431     0.4396914    0.2571569
27  N1_60 E3_60    0.6737393    0.4279759     0.6737393     0.4279759    0.3262607
28   N1_0 E3_60    0.8961294    0.4229471     0.8961294     0.4229471    0.1038706
29  N2_60 E3_60    0.8940428    0.4360126     0.8940428     0.4360126    0.1059572
30  E1_60 E3_60    0.3883061    0.4913929     0.3883061     0.4913929    0.6116939
31   E2_0 E3_60    0.8834902    0.4369830     0.8834902     0.4369830    0.1165098
32   N3_0 E3_60    0.8853237    0.4107432     0.8853237     0.4107432    0.1146763
33  N3_40 E3_60    0.7897226    0.4219269     0.7897226     0.4219269    0.2102774
34   N2_0  E1_0    0.7364073    0.3684258     0.7364073     0.3684258    0.2635927
35  E3_40  E1_0    0.8828226    0.4226856     0.8828226     0.4226856    0.1171774
36  E2_60  E1_0    0.8782793    0.4679436     0.8782793     0.4679436    0.1217207
37  N2_40  E1_0    0.8766404    0.3865125     0.8766404     0.3865125    0.1233596
38   E3_0  E1_0    0.3807820    0.4004582     0.3807820     0.4004582    0.6192180
39  E2_40  E1_0    0.8824778    0.4434853     0.8824778     0.4434853    0.1175222
40  E1_40  E1_0    0.8894485    0.4731698     0.8894485     0.4731698    0.1105515
41  N3_60  E1_0    0.8776345    0.3950952     0.8776345     0.3950952    0.1223655
42  N1_60  E1_0    0.8750769    0.3904732     0.8750769     0.3904732    0.1249231
43   N1_0  E1_0    0.7305456    0.3584499     0.7305456     0.3584499    0.2694544
44  N2_60  E1_0    0.9292418    0.4047994     0.9292418     0.4047994    0.0707582
45  E1_60  E1_0    0.8727563    0.4663107     0.8727563     0.4663107    0.1272437
46   E2_0  E1_0    0.2519893    0.3967196     0.2519893     0.3967196    0.7480107
47   N3_0  E1_0    0.6969224    0.3604030     0.6969224     0.3604030    0.3030776
48  N3_40  E1_0    0.8743336    0.3879402     0.8743336     0.3879402    0.1256664
49  E3_40  N2_0    0.8699339    0.3959894     0.8699339     0.3959894    0.1300661
50  E2_60  N2_0    0.8656108    0.4619044     0.8656108     0.4619044    0.1343892
51  N2_40  N2_0    0.8475395    0.3103597     0.8475395     0.3103597    0.1524605
52   E3_0  N2_0    0.7228669    0.3697887     0.7228669     0.3697887    0.2771331
53  E2_40  N2_0    0.8813339    0.4565747     0.8813339     0.4565747    0.1186661
54  E1_40  N2_0    0.8937259    0.4818103     0.8937259     0.4818103    0.1062741
55  N3_60  N2_0    0.8202963    0.3665685     0.8202963     0.3665685    0.1797037
56  N1_60  N2_0    0.8233478    0.3549741     0.8233478     0.3549741    0.1766522
57   N1_0  N2_0    0.3966192    0.3363498     0.3966192     0.3363498    0.6033808
58  N2_60  N2_0    0.9012943    0.3812744     0.9012943     0.3812744    0.0987057
59  E1_60  N2_0    0.8669644    0.4286045     0.8669644     0.4286045    0.1330356
60   E2_0  N2_0    0.7011884    0.3930619     0.7011884     0.3930619    0.2988116
61   N3_0  N2_0    0.3678699    0.3232432     0.3678699     0.3232432    0.6321301
62  N3_40  N2_0    0.8321494    0.3556372     0.8321494     0.3556372    0.1678506
63  E2_60 E3_40    0.8119971    0.4882875     0.8119971     0.4882875    0.1880029
64  N2_40 E3_40    0.6780476    0.3908782     0.6780476     0.3908782    0.3219524
65   E3_0 E3_40    0.8983199    0.4368109     0.8983199     0.4368109    0.1016801
66  E2_40 E3_40    0.5703049    0.4929365     0.5703049     0.4929365    0.4296951
67  E1_40 E3_40    0.6349296    0.4772815     0.6349296     0.4772815    0.3650704
68  N3_60 E3_40    0.8123300    0.4210035     0.8123300     0.4210035    0.1876700
69  N1_60 E3_40    0.8030611    0.4130687     0.8030611     0.4130687    0.1969389
70   N1_0 E3_40    0.8996593    0.4174549     0.8996593     0.4174549    0.1003407
71  N2_60 E3_40    0.8937189    0.4171449     0.8937189     0.4171449    0.1062811
72  E1_60 E3_40    0.8192863    0.4907287     0.8192863     0.4907287    0.1807137
73   E2_0 E3_40    0.8973622    0.4208892     0.8973622     0.4208892    0.1026378
74   N3_0 E3_40    0.8876926    0.4021131     0.8876926     0.4021131    0.1123074
75  N3_40 E3_40    0.6460551    0.3981374     0.6460551     0.3981374    0.3539449
76  N2_40 E2_60    0.7093784    0.4686315     0.7093784     0.4686315    0.2906216
77   E3_0 E2_60    0.8658700    0.4779571     0.8658700     0.4779571    0.1341300
78  E2_40 E2_60    0.6815281    0.4930048     0.6815281     0.4930048    0.3184719
79  E1_40 E2_60    0.7117991    0.5099170     0.7117991     0.5099170    0.2882009
80  N3_60 E2_60    0.7339861    0.4341950     0.7339861     0.4341950    0.2660139
81  N1_60 E2_60    0.6740935    0.4362335     0.6740935     0.4362335    0.3259065
82   N1_0 E2_60    0.8952240    0.4369733     0.8952240     0.4369733    0.1047760
83  N2_60 E2_60    0.8939231    0.4426998     0.8939231     0.4426998    0.1060769
84  E1_60 E2_60    0.4320081    0.4699806     0.4320081     0.4699806    0.5679919
85   E2_0 E2_60    0.8833395    0.4745076     0.8833395     0.4745076    0.1166605
86   N3_0 E2_60    0.8828011    0.4554437     0.8828011     0.4554437    0.1171989
87  N3_40 E2_60    0.7844056    0.4414683     0.7844056     0.4414683    0.2155944
88   E3_0 N2_40    0.8948587    0.3822004     0.8948587     0.3822004    0.1051413
89  E2_40 N2_40    0.6124867    0.4775931     0.6124867     0.4775931    0.3875133
90  E1_40 N2_40    0.6870074    0.4512700     0.6870074     0.4512700    0.3129926
91  N3_60 N2_40    0.7478707    0.3692655     0.7478707     0.3692655    0.2521293
92  N1_60 N2_40    0.7275710    0.3541065     0.7275710     0.3541065    0.2724290
93   N1_0 N2_40    0.8818953    0.3550435     0.8818953     0.3550435    0.1181047
94  N2_60 N2_40    0.8116071    0.4040448     0.8116071     0.4040448    0.1883929
95  E1_60 N2_40    0.7130584    0.4556286     0.7130584     0.4556286    0.2869416
96   E2_0 N2_40    0.8912059    0.3839815     0.8912059     0.3839815    0.1087941
97   N3_0 N2_40    0.8701984    0.3199438     0.8701984     0.3199438    0.1298016
98  N3_40 N2_40    0.4218834    0.3491609     0.4218834     0.3491609    0.5781166
99  E2_40  E3_0    0.8931199    0.4987355     0.8931199     0.4987355    0.1068801
100 E1_40  E3_0    0.9110302    0.4871810     0.9110302     0.4871810    0.0889698
101 N3_60  E3_0    0.8684990    0.4034839     0.8684990     0.4034839    0.1315010
102 N1_60  E3_0    0.8703013    0.3695725     0.8703013     0.3695725    0.1296987
103  N1_0  E3_0    0.7617806    0.4096599     0.7617806     0.4096599    0.2382194
104 N2_60  E3_0    0.9259060    0.4318372     0.9259060     0.4318372    0.0740940
105 E1_60  E3_0    0.8892639    0.4546806     0.8892639     0.4546806    0.1107361
106  E2_0  E3_0    0.2695360    0.4372800     0.2695360     0.4372800    0.7304640
107  N3_0  E3_0    0.7160917    0.3777951     0.7160917     0.3777951    0.2839083
108 N3_40  E3_0    0.8753463    0.4001510     0.8753463     0.4001510    0.1246537
109 E1_40 E2_40    0.4098974    0.5031616     0.4098974     0.5031616    0.5901026
110 N3_60 E2_40    0.8311517    0.4454242     0.8311517     0.4454242    0.1688483
111 N1_60 E2_40    0.8233478    0.4752870     0.8233478     0.4752870    0.1766522
112  N1_0 E2_40    0.9088489    0.4492303     0.9088489     0.4492303    0.0911511
113 N2_60 E2_40    0.9077515    0.4765399     0.9077515     0.4765399    0.0922485
114 E1_60 E2_40    0.6238596    0.5044169     0.6238596     0.5044169    0.3761404
115  E2_0 E2_40    0.8935428    0.4617247     0.8935428     0.4617247    0.1064572
116  N3_0 E2_40    0.8998753    0.4814574     0.8998753     0.4814574    0.1001247
117 N3_40 E2_40    0.7234955    0.4515246     0.7234955     0.4515246    0.2765045
118 N3_60 E1_40    0.8565337    0.4690645     0.8565337     0.4690645    0.1434663
119 N1_60 E1_40    0.8482270    0.4553817     0.8482270     0.4553817    0.1517730
120  N1_0 E1_40    0.9213790    0.4815178     0.9213790     0.4815178    0.0786210
121 N2_60 E1_40    0.9096294    0.4763894     0.9096294     0.4763894    0.0903706
122 E1_60 E1_40    0.6320712    0.4972148     0.6320712     0.4972148    0.3679288
123  E2_0 E1_40    0.9084033    0.4613531     0.9084033     0.4613531    0.0915967
124  N3_0 E1_40    0.9094583    0.4656703     0.9094583     0.4656703    0.0905417
125 N3_40 E1_40    0.7890900    0.4458565     0.7890900     0.4458565    0.2109100
126 N1_60 N3_60    0.5083268    0.3507807     0.5083268     0.3507807    0.4916732
127  N1_0 N3_60    0.8604406    0.3533998     0.8604406     0.3533998    0.1395594
128 N2_60 N3_60    0.8232442    0.3804422     0.8232442     0.3804422    0.1767558
129 E1_60 N3_60    0.8172450    0.4599835     0.8172450     0.4599835    0.1827550
130  E2_0 N3_60    0.8855882    0.4005616     0.8855882     0.4005616    0.1144118
131  N3_0 N3_60    0.8418864    0.3568984     0.8418864     0.3568984    0.1581136
132 N3_40 N3_60    0.6826776    0.3470635     0.6826776     0.3470635    0.3173224
133  N1_0 N1_60    0.8578415    0.3666667     0.8578415     0.3666667    0.1421585
134 N2_60 N1_60    0.8193986    0.3769151     0.8193986     0.3769151    0.1806014
135 E1_60 N1_60    0.7448318    0.4528911     0.7448318     0.4528911    0.2551682
136  E2_0 N1_60    0.8825281    0.4031991     0.8825281     0.4031991    0.1174719
137  N3_0 N1_60    0.8469659    0.3448607     0.8469659     0.3448607    0.1530341
138 N3_40 N1_60    0.6830769    0.3670980     0.6830769     0.3670980    0.3169231
139 N2_60  N1_0    0.9135290    0.3700964     0.9135290     0.3700964    0.0864710
140 E1_60  N1_0    0.8864238    0.4368055     0.8864238     0.4368055    0.1135762
141  E2_0  N1_0    0.7593849    0.3855091     0.7593849     0.3855091    0.2406151
142  N3_0  N1_0    0.3197672    0.3442930     0.3197672     0.3442930    0.6802328
143 N3_40  N1_0    0.8658034    0.3508420     0.8658034     0.3508420    0.1341966
144 E1_60 N2_60    0.9040246    0.4609410     0.9040246     0.4609410    0.0959754
145  E2_0 N2_60    0.9264236    0.4326871     0.9264236     0.4326871    0.0735764
146  N3_0 N2_60    0.9049708    0.3990369     0.9049708     0.3990369    0.0950292
147 N3_40 N2_60    0.8132141    0.3991934     0.8132141     0.3991934    0.1867859
148  E2_0 E1_60    0.8877282    0.4725982     0.8877282     0.4725982    0.1122718
149  N3_0 E1_60    0.8835404    0.4325015     0.8835404     0.4325015    0.1164596
150 N3_40 E1_60    0.8103786    0.4581222     0.8103786     0.4581222    0.1896214
151  N3_0  E2_0    0.7166322    0.3713209     0.7166322     0.3713209    0.2833678
152 N3_40  E2_0    0.8850448    0.3928937     0.8850448     0.3928937    0.1149552
153 N3_40  N3_0    0.8515838    0.3400758     0.8515838     0.3400758    0.1484162
    E.ij.ruzicka ST.ij.ruzicka MST.ij.ruzicka        SES.ruzicka RC.ruzicka
1      0.5796835     0.5053644     0.14671440   5.28252323359477          1
2      0.6567606     0.3949085     0.07867275   5.32498464748109          1
3      0.6949724     0.3668655     0.08897899   6.41844255849837          1
4      0.6058253     0.5548530     0.26522220   3.09972183479585          1
5      0.5589103     0.5303559     0.15971484   3.48605905467664          1
6      0.6880771     0.6857353     0.54327112   1.56755467584153        0.9
7      0.6116240     0.4370950     0.07965508   4.18787086874453          1
8      0.5488468     0.5845393     0.24302961   3.14166192926231          1
9      0.5239772     0.5824496     0.20311344   3.13809314230858          1
10     0.6629240     0.4772851     0.21150102     3.567503840077          1
11     0.6615915     0.5021860     0.24755073   3.00565151969906          1
12     0.6954890     0.3525972     0.06914021   6.05840593662611          1
13     0.6424980     0.4703672     0.17566617   3.93074858654693          1
14     0.5510710     0.5371930     0.16016809   4.13262798580315          1
15     0.6112487     0.4387912     0.08186502   5.20261970609298          1
16     0.6800609     0.3750912     0.08109878   6.29898825017068          1
17     0.6537060     0.8131138     0.71411283  0.932644292962809        0.5
18     0.5554930     0.5062406     0.11113301   4.56824772455589          1
19     0.5622969     0.5053254     0.12026074   5.14929110696006          1
20     0.5313774     0.5746021     0.19944308   3.85884569613308          1
21     0.5387086     0.6251935     0.18748427  -3.32416154929814         -1
22     0.5801941     0.5904235     0.29406981   4.12804943841096          1
23     0.5631760     0.5032376     0.11792695   4.66408079454087          1
24     0.5045297     0.7440052     0.49260704   1.71465388888316          1
25     0.5121273     0.7042788     0.42256309   2.21834304444952          1
26     0.5603086     0.5919035     0.27165754   3.66551869708182          1
27     0.5720241     0.6352248     0.36230798   3.44982689610908          1
28     0.5770529     0.4719710     0.08495567   4.80069779797655          1
29     0.5639874     0.4876865     0.09162243   5.08855529259795          1
30     0.5086071     0.8314732     0.65704266  -1.07402875282936       -0.8
31     0.5630170     0.4946099     0.10235374   5.92120947672423          1
32     0.5892568     0.4639469     0.09028950   5.51088388422301          1
33     0.5780731     0.5342723     0.19434461   3.97250152737582          1
34     0.6315742     0.5003016     0.20880499   3.84483922995323          1
35     0.5773144     0.4787888     0.09717967   4.18559101485986          1
36     0.5320564     0.5327959     0.12188988    3.9508018938521          1
37     0.6134875     0.4409019     0.08865622   4.59598861083511          1
38     0.5995418     0.9682241     0.92065105  -0.17812181863094          0
39     0.5565147     0.5025455     0.10612524   4.75310126398436          1
40     0.5268302     0.5319811     0.11163240   3.82024902811888          1
41     0.6049048     0.4501819     0.09106677   4.55466201847756          1
42     0.6095268     0.4462158     0.09145236   4.04005891322414          1
43     0.6415501     0.4906605     0.20607997   3.47649130285347          1
44     0.5952006     0.4356233     0.05178745   4.20892920401204          1
45     0.5336893     0.5342966     0.12738848   4.06996145955961          1
46     0.6032804     0.8065131     0.51228297  -1.31482892482598       -0.9
47     0.6395970     0.5171350     0.24504813   3.07120966961795          1
48     0.6120598     0.4436981     0.09109884   4.84152555872866          1
49     0.6040106     0.4551948     0.09802047   4.22487103323984          1
50     0.5380956     0.5336167     0.13327059   3.83123422313784          1
51     0.6896403     0.3661891     0.08095433   5.94764920249531          1
52     0.6302113     0.5115584     0.22495592    3.2250851651739          1
53     0.5434253     0.5180496     0.11312490   4.86329726199689          1
54     0.5181897     0.5391030     0.11056315   3.90777072190264          1
55     0.6334315     0.4468733     0.12677739   4.18100249950474          1
56     0.6450259     0.4311351     0.11807427   3.76045396950921          1
57     0.6636502     0.8480421     0.77102718  0.561292441674966        0.2
58     0.6187256     0.4230298     0.06748622    4.9906755078562          1
59     0.5713955     0.4943738     0.11510297   4.58468380413946          1
60     0.6069381     0.5605654     0.27598109   3.20310581968072          1
61     0.6767568     0.8786889     0.82074638  0.501444229990264        0.5
62     0.6443628     0.4273718     0.11132643   4.79497499678545          1
63     0.5117125     0.6013415     0.22093254   2.62044296264713          1
64     0.6091218     0.5764761     0.30469747   2.46888113761952          1
65     0.5631891     0.4862531     0.08778981   3.85185374229269          1
66     0.5070635     0.8643385     0.73245660  0.664056627336882        0.4
67     0.5227185     0.7517078     0.52499820   1.29082479744653        0.9
68     0.5789965     0.5182666     0.16798565   2.95110649154099          1
69     0.5869313     0.5143677     0.17259091   3.30248208798457          1
70     0.5825451     0.4640144     0.07992434   4.35212213539165          1
71     0.5828551     0.4667517     0.08511015   4.93490123867924          1
72     0.5092713     0.5989710     0.21254340   2.90684427483455          1
73     0.5791108     0.4690293     0.08312768   4.06342191767733          1
74     0.5978869     0.4529869     0.08508930   4.20897729857983          1
75     0.6018626     0.6162593     0.36241135   2.25151533129293          1
76     0.5313685     0.6606227     0.36131461    2.8684469843528          1
77     0.5220429     0.5519964     0.14182603   3.91609935449196          1
78     0.5069952     0.7233815     0.45439614   1.67940760843323        0.9
79     0.4900830     0.7163778     0.42127708   2.12819790280257          1
80     0.5658050     0.5915575     0.27812146   2.98024697489727          1
81     0.5637665     0.6471409     0.37410423   2.09221104131507          1
82     0.5630267     0.4881162     0.09083558    3.7394288293434          1
83     0.5573002     0.4952325     0.09426289   4.83600096882375          1
84     0.5300194     0.9331461     0.85775171 -0.528178304117778       -0.5
85     0.5254924     0.5371747     0.11925399   3.53733492938036          1
86     0.5445563     0.5159074     0.11103311   4.23474402947041          1
87     0.5585317     0.5628062     0.21724438   3.30135240820701          1
88     0.6177996     0.4271070     0.07268794   4.49422091514509          1
89     0.5224069     0.7797608     0.57841448   1.57870579590227          1
90     0.5487300     0.6568634     0.37467128   2.32027760915174          1
91     0.6307345     0.4937558     0.19737356   3.43524001392669          1
92     0.6458935     0.4866969     0.20528206    3.3625879752655          1
93     0.6449565     0.4025915     0.07372272   4.95026579692845          1
94     0.5959552     0.4978330     0.15737459   4.51275653104315          1
95     0.5443714     0.6389779     0.33680930   2.40300585240967          1
96     0.6160185     0.4308562     0.07609286   6.20600055592125          1
97     0.6800562     0.3676677     0.07017635   6.01351794264994          1
98     0.6508391     0.8276243     0.73514844  0.780326317261679        0.4
99     0.5012645     0.5584194     0.11906672   4.11078884985154          1
100    0.5128190     0.5347584     0.09277610    3.4975742540732          1
101    0.5965161     0.4645761     0.10241505    4.7028291020355          1
102    0.6304275     0.4246489     0.08736358   4.88154910228358          1
103    0.5903401     0.5377663     0.21700433   2.94539188838345          1
104    0.5681628     0.4663942     0.06082237   3.87553924883479          1
105    0.5453194     0.5113000     0.10382790   4.04364608993082          1
106    0.5627200     0.7703597     0.47484372  -1.49096825150294       -0.9
107    0.6222049     0.5275792     0.24073119   3.26008949279792          1
108    0.5998490     0.4571345     0.09499641   4.53280505772908          1
109    0.4968384     0.8419526     0.68589130 -0.856187312784441       -0.7
110    0.5545758     0.5359121     0.16316587   4.17478136018258          1
111    0.5247130     0.5772615     0.19434342   4.41603284633646          1
112    0.5507697     0.4942849     0.08180299   4.84212278878849          1
113    0.5234601     0.5249674     0.09251413   4.36186609349561          1
114    0.4955831     0.8085424     0.61367206   1.19966144709666        0.8
115    0.5382753     0.5167348     0.10219702   4.13763146077825          1
116    0.5185426     0.5350268     0.10330761    4.8626668352334          1
117    0.5484754     0.6240876     0.31462309   2.71049435827105          1
118    0.5309355     0.5476311     0.14797768   4.04538123495111          1
119    0.5446183     0.5368630     0.14961175   4.03685850304639          1
120    0.5184822     0.5226056     0.07924627   4.06059427870922          1
121    0.5236106     0.5237181     0.09038916   3.88460111467647          1
122    0.5027852     0.7866437     0.57565122   1.29964400191196        0.8
123    0.5386469     0.5078725     0.08636352   4.93269300649569          1
124    0.5343297     0.5120304     0.08676310   4.00804877956504          1
125    0.5541435     0.5650262     0.21505202   3.56746535292671          1
126    0.6492193     0.6900693     0.52261018   1.44183869583218        0.8
127    0.6466002     0.4107196     0.08864795   4.09752958558138          1
128    0.6195578     0.4621255     0.13184139   4.15918557716687          1
129    0.5400165     0.5628465     0.19048126   3.66473172571202          1
130    0.5994384     0.4523114     0.08633041   4.78313435261362          1
131    0.6431016     0.4239271     0.10422714   4.49838576524891          1
132    0.6529365     0.5083857     0.24707176   3.15693405007859          1
133    0.6333333     0.4274294     0.09594115   4.02642382137963          1
134    0.6230849     0.4599899     0.13332823   4.32244611101392          1
135    0.5471089     0.6080448     0.28358835   3.24799598183892          1
136    0.5968009     0.4568682     0.08992811   4.85015901694261          1
137    0.6551393     0.4071719     0.09511136   4.60211849287952          1
138    0.6329020     0.5374182     0.26910997   3.20160578988776          1
139    0.6299036     0.4051282     0.05561461   4.35603205897698          1
140    0.5631945     0.4927728     0.09937466   5.58067761249888          1
141    0.6144909     0.5076596     0.19878336   3.47215811006563          1
142    0.6557070     0.9639449     0.89527798  -0.24455830096727          0
143    0.6491580     0.4052213     0.08376902   4.70388732249837          1
144    0.5390590     0.5098766     0.09077970   5.53601251494375          1
145    0.5673129     0.4670510     0.06057316   4.73767255759184          1
146    0.6009631     0.4409390     0.06972487   5.13860033066632          1
147    0.6008066     0.4908835     0.15261168   4.83852092914855          1
148    0.5274018     0.5323681     0.11332902    3.8982991400203          1
149    0.5674985     0.4895096     0.10045504   4.12110734175359          1
150    0.5418778     0.5653187     0.19782415    3.1873339160965          1
151    0.6286791     0.5181472     0.23354717   3.56952868562429          1
152    0.6071063     0.4439252     0.08405696   5.45822801649843          1
153    0.6599242     0.3993451     0.08981226   6.10206714190909          1

$index.grp
  group size ST.i.ruzicka NST.i.ruzicka MST.i.ruzicka
1  N_40    3    0.7754911     0.7086807     0.6641775
2  E_60    3    0.7966042     0.6240086     0.5674262
3   E_0    3    0.8483656     0.7366394     0.6359259
4   N_0    3    0.8968920     0.8979020     0.8290172
5  E_40    3    0.8193329     0.7380246     0.6477820
6  N_60    3    0.5373949     0.2968658     0.2625933

$index.pair.grp
   group name1 name2 C.ij.ruzicka E.ij.ruzicka ST.ij.ruzicka NST.ij.ruzicka MST.ij.ruzicka
1   N_40 N2_40 N1_40    0.5451264    0.6880771     0.6857353      0.5640174      0.5432711
2   N_40 N3_40 N1_40    0.5741138    0.6537060     0.8131138      0.7693188      0.7141128
3   N_40 N3_40 N2_40    0.5781166    0.6508391     0.8276243      0.7927058      0.7351484
4   E_60 E2_60 E3_60    0.8616670    0.5387086     0.6251935      0.2290619      0.1874843
5   E_60 E1_60 E3_60    0.6116939    0.5086071     0.8314732      0.7043500      0.6570427
6   E_60 E1_60 E2_60    0.5679919    0.5300194     0.9331461      0.9386140      0.8577517
7    E_0  E3_0  E1_0    0.6192180    0.5995418     0.9682241      1.0764197      0.9206510
8    E_0  E2_0  E1_0    0.7480107    0.6032804     0.8065131      0.6179940      0.5122830
9    E_0  E2_0  E3_0    0.7304640    0.5627200     0.7703597      0.5155044      0.4748437
10   N_0  N1_0  N2_0    0.6033808    0.6636502     0.8480421      0.8022284      0.7710272
11   N_0  N3_0  N2_0    0.6321301    0.6767568     0.8786889      0.8622508      0.8207464
12   N_0  N3_0  N1_0    0.6802328    0.6557070     0.9639449      1.0292268      0.8952780
13  E_40 E2_40 E3_40    0.4296951    0.5070635     0.8643385      0.8385810      0.7324566
14  E_40 E1_40 E3_40    0.3650704    0.5227185     0.7517078      0.5869289      0.5249982
15  E_40 E1_40 E2_40    0.5901026    0.4968384     0.8419526      0.7885639      0.6858913
16  N_60 N1_60 N3_60    0.4916732    0.6492193     0.6900693      0.5666254      0.5226102
17  N_60 N2_60 N3_60    0.1767558    0.6195578     0.4621255      0.1638728      0.1318414
18  N_60 N2_60 N1_60    0.1806014    0.6230849     0.4599899      0.1600993      0.1333282

$Dmax
[1] 1

$dist.method
[1] "ruzicka"

$index.between
          group size ST.i.ruzicka NST.i.ruzicka MST.i.ruzicka
1  N_40.vs.E_60    9    0.5694816    0.25535326    0.22980047
2   N_40.vs.E_0    9    0.4349353    0.09048532    0.08308690
3   N_40.vs.N_0    9    0.3847712    0.09090073    0.08321990
4  N_40.vs.E_40    9    0.6155906    0.37187535    0.31791499
5  N_40.vs.N_60    9    0.4960902    0.24104746    0.20706017
6   E_60.vs.E_0    9    0.5226689    0.13003175    0.11765878
7   E_60.vs.N_0    9    0.4950600    0.12136046    0.10506421
8  E_60.vs.E_40    9    0.6953493    0.45815100    0.40145396
9  E_60.vs.N_60    9    0.5699460    0.25505044    0.22632509
10   E_0.vs.N_0    9    0.5190415    0.26046042    0.22788180
11  E_0.vs.E_40    9    0.5095981    0.11874702    0.09847313
12  E_0.vs.N_60    9    0.4515412    0.08922254    0.08019325
13  N_0.vs.E_40    9    0.4992551    0.11067285    0.09309357
14  N_0.vs.N_60    9    0.4240393    0.10698411    0.09128944
15 E_40.vs.N_60    9    0.5273044    0.16695471    0.14040986

$index.pair.between
           group name1 name2 C.ij.ruzicka E.ij.ruzicka ST.ij.ruzicka NST.ij.ruzicka
1   N_40.vs.E_60 E3_60 N1_40    0.1682903    0.5796835     0.5053644     0.12715520
2   N_40.vs.E_60 E2_60 N1_40    0.1683139    0.5589103     0.5303559     0.17712412
3   N_40.vs.E_60 E1_60 N1_40    0.1643059    0.5510710     0.5371930     0.19079440
4   N_40.vs.E_60 N2_40 E3_60    0.2889749    0.5801941     0.5904235     0.29722507
5   N_40.vs.E_60 N3_40 E3_60    0.2102774    0.5780731     0.5342723     0.18495460
6   N_40.vs.E_60 N2_40 E2_60    0.2906216    0.5313685     0.6606227     0.43758360
7   N_40.vs.E_60 N3_40 E2_60    0.2155944    0.5585317     0.5628062     0.24200619
8   N_40.vs.E_60 E1_60 N2_40    0.2869416    0.5443714     0.6389779     0.39430643
9   N_40.vs.E_60 N3_40 E1_60    0.1896214    0.5418778     0.5653187     0.24702976
10   N_40.vs.E_0  E1_0 N1_40    0.1308383    0.6567606     0.3949085     0.01968059
11   N_40.vs.E_0  E3_0 N1_40    0.1114608    0.6116240     0.4370950     0.09430570
12   N_40.vs.E_0  E2_0 N1_40    0.1140403    0.6112487     0.4387912     0.09730624
13   N_40.vs.E_0 N2_40  E1_0    0.1233596    0.6134875     0.4409019     0.10103995
14   N_40.vs.E_0 N3_40  E1_0    0.1256664    0.6120598     0.4436981     0.10598618
15   N_40.vs.E_0  E3_0 N2_40    0.1051413    0.6177996     0.4271070     0.07663751
16   N_40.vs.E_0  E2_0 N2_40    0.1087941    0.6160185     0.4308562     0.08326960
17   N_40.vs.E_0 N3_40  E3_0    0.1246537    0.5998490     0.4571345     0.12975426
18   N_40.vs.E_0 N3_40  E2_0    0.1149552    0.6071063     0.4439252     0.10638789
19   N_40.vs.N_0  N2_0 N1_40    0.1685575    0.6949724     0.3668655     0.06169449
20   N_40.vs.N_0  N1_0 N1_40    0.1363773    0.6954890     0.3525972     0.03842109
21   N_40.vs.N_0  N3_0 N1_40    0.1470365    0.6800609     0.3750912     0.07511160
22   N_40.vs.N_0 N2_40  N2_0    0.1524605    0.6896403     0.3661891     0.06059108
23   N_40.vs.N_0 N3_40  N2_0    0.1678506    0.6443628     0.4273718     0.16038756
24   N_40.vs.N_0  N1_0 N2_40    0.1181047    0.6449565     0.4025915     0.11996780
25   N_40.vs.N_0  N3_0 N2_40    0.1298016    0.6800562     0.3676677     0.06300290
26   N_40.vs.N_0 N3_40  N1_0    0.1341966    0.6491580     0.4052213     0.12425745
27   N_40.vs.N_0 N3_40  N3_0    0.1484162    0.6599242     0.3993451     0.11467258
28  N_40.vs.E_40 E3_40 N1_40    0.2895872    0.6058253     0.5548530     0.24511804
29  N_40.vs.E_40 E2_40 N1_40    0.2281900    0.5488468     0.5845393     0.30707228
30  N_40.vs.E_40 E1_40 N1_40    0.1827228    0.5239772     0.5824496     0.30271120
31  N_40.vs.E_40 N2_40 E3_40    0.3219524    0.6091218     0.5764761     0.29024472
32  N_40.vs.E_40 N3_40 E3_40    0.3539449    0.6018626     0.6162593     0.37327087
33  N_40.vs.E_40 E2_40 N2_40    0.3875133    0.5224069     0.7797608     0.71449321
34  N_40.vs.E_40 E1_40 N2_40    0.3129926    0.5487300     0.6568634     0.45801029
35  N_40.vs.E_40 N3_40 E2_40    0.2765045    0.5484754     0.6240876     0.38960838
36  N_40.vs.E_40 N3_40 E1_40    0.2109100    0.5541435     0.5650262     0.26634918
37  N_40.vs.N_60 N3_60 N1_40    0.2937638    0.6629240     0.4772851     0.20679532
38  N_40.vs.N_60 N1_60 N1_40    0.3261291    0.6615915     0.5021860     0.25215060
39  N_40.vs.N_60 N2_60 N1_40    0.2399512    0.6424980     0.4703672     0.19419467
40  N_40.vs.N_60 N3_60 N2_40    0.2521293    0.6307345     0.4937558     0.23679565
41  N_40.vs.N_60 N1_60 N2_40    0.2724290    0.6458935     0.4866969     0.22393821
42  N_40.vs.N_60 N2_60 N2_40    0.1883929    0.5959552     0.4978330     0.24422195
43  N_40.vs.N_60 N3_40 N3_60    0.3173224    0.6529365     0.5083857     0.26344299
44  N_40.vs.N_60 N3_40 N1_60    0.3169231    0.6329020     0.5374182     0.31632389
45  N_40.vs.N_60 N3_40 N2_60    0.1867859    0.6008066     0.4908835     0.23156383
46   E_60.vs.E_0  E1_0 E3_60    0.1219452    0.5554930     0.5062406     0.09640311
47   E_60.vs.E_0  E3_0 E3_60    0.1319727    0.5631760     0.5032376     0.09025603
48   E_60.vs.E_0  E2_0 E3_60    0.1165098    0.5630170     0.4946099     0.07259504
49   E_60.vs.E_0 E2_60  E1_0    0.1217207    0.5320564     0.5327959     0.15076178
50   E_60.vs.E_0 E1_60  E1_0    0.1272437    0.5336893     0.5342966     0.15383365
51   E_60.vs.E_0  E3_0 E2_60    0.1341300    0.5220429     0.5519964     0.19006515
52   E_60.vs.E_0  E2_0 E2_60    0.1166605    0.5254924     0.5371747     0.15972514
53   E_60.vs.E_0 E1_60  E3_0    0.1107361    0.5453194     0.5113000     0.10675970
54   E_60.vs.E_0  E2_0 E1_60    0.1122718    0.5274018     0.5323681     0.14988618
55   E_60.vs.N_0  N2_0 E3_60    0.1338192    0.5622969     0.5053254     0.14243972
56   E_60.vs.N_0  N1_0 E3_60    0.1038706    0.5770529     0.4719710     0.07394906
57   E_60.vs.N_0  N3_0 E3_60    0.1146763    0.5892568     0.4639469     0.05747205
58   E_60.vs.N_0 E2_60  N2_0    0.1343892    0.5380956     0.5336167     0.20053378
59   E_60.vs.N_0 E1_60  N2_0    0.1330356    0.5713955     0.4943738     0.11995153
60   E_60.vs.N_0  N1_0 E2_60    0.1047760    0.5630267     0.4881162     0.10710188
61   E_60.vs.N_0  N3_0 E2_60    0.1171989    0.5445563     0.5159074     0.16416917
62   E_60.vs.N_0 E1_60  N1_0    0.1135762    0.5631945     0.4927728     0.11666387
63   E_60.vs.N_0  N3_0 E1_60    0.1164596    0.5674985     0.4895096     0.10996312
64  E_60.vs.E_40 E3_40 E3_60    0.1844399    0.5313774     0.5746021     0.18497981
65  E_60.vs.E_40 E2_40 E3_60    0.3340499    0.5045297     0.7440052     0.56822712
66  E_60.vs.E_40 E1_40 E3_60    0.3072733    0.5121273     0.7042788     0.47835254
67  E_60.vs.E_40 E2_60 E3_40    0.1880029    0.5117125     0.6013415     0.24547328
68  E_60.vs.E_40 E1_60 E3_40    0.1807137    0.5092713     0.5989710     0.24011041
69  E_60.vs.E_40 E2_40 E2_60    0.3184719    0.5069952     0.7233815     0.52156920
70  E_60.vs.E_40 E1_40 E2_60    0.2882009    0.4900830     0.7163778     0.50572446
71  E_60.vs.E_40 E1_60 E2_40    0.3761404    0.4955831     0.8085424     0.71423221
72  E_60.vs.E_40 E1_60 E1_40    0.3679288    0.5027852     0.7866437     0.66468995
73  E_60.vs.N_60 N3_60 E3_60    0.2571569    0.5603086     0.5919035     0.29930617
74  E_60.vs.N_60 N1_60 E3_60    0.3262607    0.5720241     0.6352248     0.38662119
75  E_60.vs.N_60 N2_60 E3_60    0.1059572    0.5639874     0.4876865     0.08925496
76  E_60.vs.N_60 N3_60 E2_60    0.2660139    0.5658050     0.5915575     0.29860889
77  E_60.vs.N_60 N1_60 E2_60    0.3259065    0.5637665     0.6471409     0.41063835
78  E_60.vs.N_60 N2_60 E2_60    0.1060769    0.5573002     0.4952325     0.10446405
79  E_60.vs.N_60 E1_60 N3_60    0.1827550    0.5400165     0.5628465     0.24074143
80  E_60.vs.N_60 E1_60 N1_60    0.2551682    0.5471089     0.6080448     0.33183941
81  E_60.vs.N_60 E1_60 N2_60    0.0959754    0.5390590     0.5098766     0.13397957
82    E_0.vs.N_0  N2_0  E1_0    0.2635927    0.6315742     0.5003016     0.22605922
83    E_0.vs.N_0  N1_0  E1_0    0.2694544    0.6415501     0.4906605     0.20836081
84    E_0.vs.N_0  N3_0  E1_0    0.3030776    0.6395970     0.5171350     0.25696075
85    E_0.vs.N_0  E3_0  N2_0    0.2771331    0.6302113     0.5115584     0.24672362
86    E_0.vs.N_0  E2_0  N2_0    0.2988116    0.6069381     0.5605654     0.33668679
87    E_0.vs.N_0  N1_0  E3_0    0.2382194    0.5903401     0.5377663     0.29483397
88    E_0.vs.N_0  N3_0  E3_0    0.2839083    0.6222049     0.5275792     0.27613340
89    E_0.vs.N_0  E2_0  N1_0    0.2406151    0.6144909     0.5076596     0.23956650
90    E_0.vs.N_0  N3_0  E2_0    0.2833678    0.6286791     0.5181472     0.25881870
91   E_0.vs.E_40 E3_40  E1_0    0.1171774    0.5773144     0.4787888     0.05019958
92   E_0.vs.E_40 E2_40  E1_0    0.1175222    0.5565147     0.5025455     0.10305580
93   E_0.vs.E_40 E1_40  E1_0    0.1105515    0.5268302     0.5319811     0.16854688
94   E_0.vs.E_40  E3_0 E3_40    0.1016801    0.5631891     0.4862531     0.06680694
95   E_0.vs.E_40  E2_0 E3_40    0.1026378    0.5791108     0.4690293     0.02848580
96   E_0.vs.E_40 E2_40  E3_0    0.1068801    0.5012645     0.5584194     0.22736918
97   E_0.vs.E_40 E1_40  E3_0    0.0889698    0.5128190     0.5347584     0.17472591
98   E_0.vs.E_40  E2_0 E2_40    0.1064572    0.5382753     0.5167348     0.13462535
99   E_0.vs.E_40  E2_0 E1_40    0.0915967    0.5386469     0.5078725     0.11490775
100  E_0.vs.N_60 N3_60  E1_0    0.1223655    0.6049048     0.4501819     0.08669678
101  E_0.vs.N_60 N1_60  E1_0    0.1249231    0.6095268     0.4462158     0.07932743
102  E_0.vs.N_60 N2_60  E1_0    0.0707582    0.5952006     0.4356233     0.05964539
103  E_0.vs.N_60 N3_60  E3_0    0.1315010    0.5965161     0.4645761     0.11344280
104  E_0.vs.N_60 N1_60  E3_0    0.1296987    0.6304275     0.4246489     0.03925371
105  E_0.vs.N_60 N2_60  E3_0    0.0740940    0.5681628     0.4663942     0.11682092
106  E_0.vs.N_60  E2_0 N3_60    0.1144118    0.5994384     0.4523114     0.09065364
107  E_0.vs.N_60  E2_0 N1_60    0.1174719    0.5968009     0.4568682     0.09912072
108  E_0.vs.N_60  E2_0 N2_60    0.0735764    0.5673129     0.4670510     0.11804145
109  N_0.vs.E_40 E3_40  N2_0    0.1300661    0.6040106     0.4551948     0.01557280
110  N_0.vs.E_40 E2_40  N2_0    0.1186661    0.5434253     0.5180496     0.15123894
111  N_0.vs.E_40 E1_40  N2_0    0.1062741    0.5181897     0.5391030     0.19668051
112  N_0.vs.E_40  N1_0 E3_40    0.1003407    0.5825451     0.4640144     0.03460918
113  N_0.vs.E_40  N3_0 E3_40    0.1123074    0.5978869     0.4529869     0.01080730
114  N_0.vs.E_40  N1_0 E2_40    0.0911511    0.5507697     0.4942849     0.09994499
115  N_0.vs.E_40  N3_0 E2_40    0.1001247    0.5185426     0.5350268     0.18788247
116  N_0.vs.E_40  N1_0 E1_40    0.0786210    0.5184822     0.5226056     0.16107255
117  N_0.vs.E_40  N3_0 E1_40    0.0905417    0.5343297     0.5120304     0.13824696
118  N_0.vs.N_60 N3_60  N2_0    0.1797037    0.6334315     0.4468733     0.14905618
119  N_0.vs.N_60 N1_60  N2_0    0.1766522    0.6450259     0.4311351     0.12005824
120  N_0.vs.N_60 N2_60  N2_0    0.0987057    0.6187256     0.4230298     0.10512420
121  N_0.vs.N_60  N1_0 N3_60    0.1395594    0.6466002     0.4107196     0.08244242
122  N_0.vs.N_60  N3_0 N3_60    0.1581136    0.6431016     0.4239271     0.10677737
123  N_0.vs.N_60  N1_0 N1_60    0.1421585    0.6333333     0.4274294     0.11323050
124  N_0.vs.N_60  N3_0 N1_60    0.1530341    0.6551393     0.4071719     0.07590577
125  N_0.vs.N_60 N2_60  N1_0    0.0864710    0.6299036     0.4051282     0.07214026
126  N_0.vs.N_60  N3_0 N2_60    0.0950292    0.6009631     0.4409390     0.13812207
127 E_40.vs.N_60 N3_60 E3_40    0.1876700    0.5789965     0.5182666     0.14745538
128 E_40.vs.N_60 N1_60 E3_40    0.1969389    0.5869313     0.5143677     0.13904327
129 E_40.vs.N_60 N2_60 E3_40    0.1062811    0.5828551     0.4667517     0.03630960
130 E_40.vs.N_60 N3_60 E2_40    0.1688483    0.5545758     0.5359121     0.18552624
131 E_40.vs.N_60 N1_60 E2_40    0.1766522    0.5247130     0.5772615     0.27473967
132 E_40.vs.N_60 N2_60 E2_40    0.0922485    0.5234601     0.5249674     0.16191254
133 E_40.vs.N_60 N3_60 E1_40    0.1434663    0.5309355     0.5476311     0.21081058
134 E_40.vs.N_60 N1_60 E1_40    0.1517730    0.5446183     0.5368630     0.18757785
135 E_40.vs.N_60 N2_60 E1_40    0.0903706    0.5236106     0.5237181     0.15921722
    MST.ij.ruzicka
1       0.14671440
2       0.15971484
3       0.16016809
4       0.29406981
5       0.19434461
6       0.36131461
7       0.21724438
8       0.33680930
9       0.19782415
10      0.07867275
11      0.07965508
12      0.08186502
13      0.08865622
14      0.09109884
15      0.07268794
16      0.07609286
17      0.09499641
18      0.08405696
19      0.08897899
20      0.06914021
21      0.08109878
22      0.08095433
23      0.11132643
24      0.07372272
25      0.07017635
26      0.08376902
27      0.08981226
28      0.26522220
29      0.24302961
30      0.20311344
31      0.30469747
32      0.36241135
33      0.57841448
34      0.37467128
35      0.31462309
36      0.21505202
37      0.21150102
38      0.24755073
39      0.17566617
40      0.19737356
41      0.20528206
42      0.15737459
43      0.24707176
44      0.26910997
45      0.15261168
46      0.11113301
47      0.11792695
48      0.10235374
49      0.12188988
50      0.12738848
51      0.14182603
52      0.11925399
53      0.10382790
54      0.11332902
55      0.12026074
56      0.08495567
57      0.09028950
58      0.13327059
59      0.11510297
60      0.09083558
61      0.11103311
62      0.09937466
63      0.10045504
64      0.19944308
65      0.49260704
66      0.42256309
67      0.22093254
68      0.21254340
69      0.45439614
70      0.42127708
71      0.61367206
72      0.57565122
73      0.27165754
74      0.36230798
75      0.09162243
76      0.27812146
77      0.37410423
78      0.09426289
79      0.19048126
80      0.28358835
81      0.09077970
82      0.20880499
83      0.20607997
84      0.24504813
85      0.22495592
86      0.27598109
87      0.21700433
88      0.24073119
89      0.19878336
90      0.23354717
91      0.09717967
92      0.10612524
93      0.11163240
94      0.08778981
95      0.08312768
96      0.11906672
97      0.09277610
98      0.10219702
99      0.08636352
100     0.09106677
101     0.09145236
102     0.05178745
103     0.10241505
104     0.08736358
105     0.06082237
106     0.08633041
107     0.08992811
108     0.06057316
109     0.09802047
110     0.11312490
111     0.11056315
112     0.07992434
113     0.08508930
114     0.08180299
115     0.10330761
116     0.07924627
117     0.08676310
118     0.12677739
119     0.11807427
120     0.06748622
121     0.08864795
122     0.10422714
123     0.09594115
124     0.09511136
125     0.05561461
126     0.06972487
127     0.16798565
128     0.17259091
129     0.08511015
130     0.16316587
131     0.19434342
132     0.09251413
133     0.14797768
134     0.14961175
135     0.09038916

$details
$details$rand.mean
  [1] 0.4203165 0.3432394 0.3050276 0.3941747 0.4410897 0.3119229 0.3883760 0.4511532
  [9] 0.4760228 0.3370760 0.3384085 0.3045110 0.3575020 0.4489290 0.3887513 0.3199391
 [17] 0.3462940 0.4445070 0.4377031 0.4686226 0.4612914 0.4198059 0.4368240 0.4954703
 [25] 0.4878727 0.4396914 0.4279759 0.4229471 0.4360126 0.4913929 0.4369830 0.4107432
 [33] 0.4219269 0.3684258 0.4226856 0.4679436 0.3865125 0.4004582 0.4434853 0.4731698
 [41] 0.3950952 0.3904732 0.3584499 0.4047994 0.4663107 0.3967196 0.3604030 0.3879402
 [49] 0.3959894 0.4619044 0.3103597 0.3697887 0.4565747 0.4818103 0.3665685 0.3549741
 [57] 0.3363498 0.3812744 0.4286045 0.3930619 0.3232432 0.3556372 0.4882875 0.3908782
 [65] 0.4368109 0.4929365 0.4772815 0.4210035 0.4130687 0.4174549 0.4171449 0.4907287
 [73] 0.4208892 0.4021131 0.3981374 0.4686315 0.4779571 0.4930048 0.5099170 0.4341950
 [81] 0.4362335 0.4369733 0.4426998 0.4699806 0.4745076 0.4554437 0.4414683 0.3822004
 [89] 0.4775931 0.4512700 0.3692655 0.3541065 0.3550435 0.4040448 0.4556286 0.3839815
 [97] 0.3199438 0.3491609 0.4987355 0.4871810 0.4034839 0.3695725 0.4096599 0.4318372
[105] 0.4546806 0.4372800 0.3777951 0.4001510 0.5031616 0.4454242 0.4752870 0.4492303
[113] 0.4765399 0.5044169 0.4617247 0.4814574 0.4515246 0.4690645 0.4553817 0.4815178
[121] 0.4763894 0.4972148 0.4613531 0.4656703 0.4458565 0.3507807 0.3533998 0.3804422
[129] 0.4599835 0.4005616 0.3568984 0.3470635 0.3666667 0.3769151 0.4528911 0.4031991
[137] 0.3448607 0.3670980 0.3700964 0.4368055 0.3855091 0.3442930 0.3508420 0.4609410
[145] 0.4326871 0.3990369 0.3991934 0.4725982 0.4325015 0.4581222 0.3713209 0.3928937
[153] 0.3400758

$details$Dmax
[1] 1

$details$obs3
       name1   name2   ruzicka    
  [1,] "E3_60" "N1_40" "0.8317097"
  [2,] "E1_0"  "N1_40" "0.8691617"
  [3,] "N2_0"  "N1_40" "0.8314425"
  [4,] "E3_40" "N1_40" "0.7104128"
  [5,] "E2_60" "N1_40" "0.8316861"
  [6,] "N2_40" "N1_40" "0.4548736"
  [7,] "E3_0"  "N1_40" "0.8885392"
  [8,] "E2_40" "N1_40" "0.7718100"
  [9,] "E1_40" "N1_40" "0.8172772"
 [10,] "N3_60" "N1_40" "0.7062362"
 [11,] "N1_60" "N1_40" "0.6738709"
 [12,] "N1_0"  "N1_40" "0.8636227"
 [13,] "N2_60" "N1_40" "0.7600488"
 [14,] "E1_60" "N1_40" "0.8356941"
 [15,] "E2_0"  "N1_40" "0.8859597"
 [16,] "N3_0"  "N1_40" "0.8529635"
 [17,] "N3_40" "N1_40" "0.4258862"
 [18,] "E1_0"  "E3_60" "0.8780548"
 [19,] "N2_0"  "E3_60" "0.8661808"
 [20,] "E3_40" "E3_60" "0.8155601"
 [21,] "E2_60" "E3_60" "0.1383330"
 [22,] "N2_40" "E3_60" "0.7110251"
 [23,] "E3_0"  "E3_60" "0.8680273"
 [24,] "E2_40" "E3_60" "0.6659501"
 [25,] "E1_40" "E3_60" "0.6927267"
 [26,] "N3_60" "E3_60" "0.7428431"
 [27,] "N1_60" "E3_60" "0.6737393"
 [28,] "N1_0"  "E3_60" "0.8961294"
 [29,] "N2_60" "E3_60" "0.8940428"
 [30,] "E1_60" "E3_60" "0.3883061"
 [31,] "E2_0"  "E3_60" "0.8834902"
 [32,] "N3_0"  "E3_60" "0.8853237"
 [33,] "N3_40" "E3_60" "0.7897226"
 [34,] "N2_0"  "E1_0"  "0.7364073"
 [35,] "E3_40" "E1_0"  "0.8828226"
 [36,] "E2_60" "E1_0"  "0.8782793"
 [37,] "N2_40" "E1_0"  "0.8766404"
 [38,] "E3_0"  "E1_0"  "0.3807820"
 [39,] "E2_40" "E1_0"  "0.8824778"
 [40,] "E1_40" "E1_0"  "0.8894485"
 [41,] "N3_60" "E1_0"  "0.8776345"
 [42,] "N1_60" "E1_0"  "0.8750769"
 [43,] "N1_0"  "E1_0"  "0.7305456"
 [44,] "N2_60" "E1_0"  "0.9292418"
 [45,] "E1_60" "E1_0"  "0.8727563"
 [46,] "E2_0"  "E1_0"  "0.2519893"
 [47,] "N3_0"  "E1_0"  "0.6969224"
 [48,] "N3_40" "E1_0"  "0.8743336"
 [49,] "E3_40" "N2_0"  "0.8699339"
 [50,] "E2_60" "N2_0"  "0.8656108"
 [51,] "N2_40" "N2_0"  "0.8475395"
 [52,] "E3_0"  "N2_0"  "0.7228669"
 [53,] "E2_40" "N2_0"  "0.8813339"
 [54,] "E1_40" "N2_0"  "0.8937259"
 [55,] "N3_60" "N2_0"  "0.8202963"
 [56,] "N1_60" "N2_0"  "0.8233478"
 [57,] "N1_0"  "N2_0"  "0.3966192"
 [58,] "N2_60" "N2_0"  "0.9012943"
 [59,] "E1_60" "N2_0"  "0.8669644"
 [60,] "E2_0"  "N2_0"  "0.7011884"
 [61,] "N3_0"  "N2_0"  "0.3678699"
 [62,] "N3_40" "N2_0"  "0.8321494"
 [63,] "E2_60" "E3_40" "0.8119971"
 [64,] "N2_40" "E3_40" "0.6780476"
 [65,] "E3_0"  "E3_40" "0.8983199"
 [66,] "E2_40" "E3_40" "0.5703049"
 [67,] "E1_40" "E3_40" "0.6349296"
 [68,] "N3_60" "E3_40" "0.8123300"
 [69,] "N1_60" "E3_40" "0.8030611"
 [70,] "N1_0"  "E3_40" "0.8996593"
 [71,] "N2_60" "E3_40" "0.8937189"
 [72,] "E1_60" "E3_40" "0.8192863"
 [73,] "E2_0"  "E3_40" "0.8973622"
 [74,] "N3_0"  "E3_40" "0.8876926"
 [75,] "N3_40" "E3_40" "0.6460551"
 [76,] "N2_40" "E2_60" "0.7093784"
 [77,] "E3_0"  "E2_60" "0.8658700"
 [78,] "E2_40" "E2_60" "0.6815281"
 [79,] "E1_40" "E2_60" "0.7117991"
 [80,] "N3_60" "E2_60" "0.7339861"
 [81,] "N1_60" "E2_60" "0.6740935"
 [82,] "N1_0"  "E2_60" "0.8952240"
 [83,] "N2_60" "E2_60" "0.8939231"
 [84,] "E1_60" "E2_60" "0.4320081"
 [85,] "E2_0"  "E2_60" "0.8833395"
 [86,] "N3_0"  "E2_60" "0.8828011"
 [87,] "N3_40" "E2_60" "0.7844056"
 [88,] "E3_0"  "N2_40" "0.8948587"
 [89,] "E2_40" "N2_40" "0.6124867"
 [90,] "E1_40" "N2_40" "0.6870074"
 [91,] "N3_60" "N2_40" "0.7478707"
 [92,] "N1_60" "N2_40" "0.7275710"
 [93,] "N1_0"  "N2_40" "0.8818953"
 [94,] "N2_60" "N2_40" "0.8116071"
 [95,] "E1_60" "N2_40" "0.7130584"
 [96,] "E2_0"  "N2_40" "0.8912059"
 [97,] "N3_0"  "N2_40" "0.8701984"
 [98,] "N3_40" "N2_40" "0.4218834"
 [99,] "E2_40" "E3_0"  "0.8931199"
[100,] "E1_40" "E3_0"  "0.9110302"
[101,] "N3_60" "E3_0"  "0.8684990"
[102,] "N1_60" "E3_0"  "0.8703013"
[103,] "N1_0"  "E3_0"  "0.7617806"
[104,] "N2_60" "E3_0"  "0.9259060"
[105,] "E1_60" "E3_0"  "0.8892639"
[106,] "E2_0"  "E3_0"  "0.2695360"
[107,] "N3_0"  "E3_0"  "0.7160917"
[108,] "N3_40" "E3_0"  "0.8753463"
[109,] "E1_40" "E2_40" "0.4098974"
[110,] "N3_60" "E2_40" "0.8311517"
[111,] "N1_60" "E2_40" "0.8233478"
[112,] "N1_0"  "E2_40" "0.9088489"
[113,] "N2_60" "E2_40" "0.9077515"
[114,] "E1_60" "E2_40" "0.6238596"
[115,] "E2_0"  "E2_40" "0.8935428"
[116,] "N3_0"  "E2_40" "0.8998753"
[117,] "N3_40" "E2_40" "0.7234955"
[118,] "N3_60" "E1_40" "0.8565337"
[119,] "N1_60" "E1_40" "0.8482270"
[120,] "N1_0"  "E1_40" "0.9213790"
[121,] "N2_60" "E1_40" "0.9096294"
[122,] "E1_60" "E1_40" "0.6320712"
[123,] "E2_0"  "E1_40" "0.9084033"
[124,] "N3_0"  "E1_40" "0.9094583"
[125,] "N3_40" "E1_40" "0.7890900"
[126,] "N1_60" "N3_60" "0.5083268"
[127,] "N1_0"  "N3_60" "0.8604406"
[128,] "N2_60" "N3_60" "0.8232442"
[129,] "E1_60" "N3_60" "0.8172450"
[130,] "E2_0"  "N3_60" "0.8855882"
[131,] "N3_0"  "N3_60" "0.8418864"
[132,] "N3_40" "N3_60" "0.6826776"
[133,] "N1_0"  "N1_60" "0.8578415"
[134,] "N2_60" "N1_60" "0.8193986"
[135,] "E1_60" "N1_60" "0.7448318"
[136,] "E2_0"  "N1_60" "0.8825281"
[137,] "N3_0"  "N1_60" "0.8469659"
[138,] "N3_40" "N1_60" "0.6830769"
[139,] "N2_60" "N1_0"  "0.9135290"
[140,] "E1_60" "N1_0"  "0.8864238"
[141,] "E2_0"  "N1_0"  "0.7593849"
[142,] "N3_0"  "N1_0"  "0.3197672"
[143,] "N3_40" "N1_0"  "0.8658034"
[144,] "E1_60" "N2_60" "0.9040246"
[145,] "E2_0"  "N2_60" "0.9264236"
[146,] "N3_0"  "N2_60" "0.9049708"
[147,] "N3_40" "N2_60" "0.8132141"
[148,] "E2_0"  "E1_60" "0.8877282"
[149,] "N3_0"  "E1_60" "0.8835404"
[150,] "N3_40" "E1_60" "0.8103786"
[151,] "N3_0"  "E2_0"  "0.7166322"
[152,] "N3_40" "E2_0"  "0.8850448"
[153,] "N3_40" "N3_0"  "0.8515838"

$details$dist.ran
            [,1]      [,2]      [,3]      [,4]      [,5]      [,6]      [,7]      [,8]
  [1,] 0.3944414 0.3967375 0.4595855 0.3428413 0.4309179 0.5635209 0.4482229 0.4906408
  [2,] 0.5670628 0.4742605 0.2154029 0.3475532 0.2715499 0.3620236 0.2321427 0.2893820
  [3,] 0.4399896 0.2239938 0.2735763 0.2615203 0.4501052 0.3732330 0.2934308 0.1781888
  [4,] 0.2507047 0.3144539 0.2745363 0.3540800 0.4520658 0.3696462 0.4663560 0.3189707
  [5,] 0.2476175 0.3628261 0.2617985 0.5607249 0.5188039 0.6473093 0.3038088 0.5691512
  [6,] 0.1963048 0.2193347 0.5372695 0.2736106 0.4377736 0.3289450 0.4301240 0.1976517
  [7,] 0.4658956 0.3825755 0.2581221 0.3515349 0.4430228 0.6366218 0.2549734 0.2870380
  [8,] 0.5279886 0.4626790 0.4564246 0.4277235 0.3686973 0.4154364 0.5155900 0.5955531
  [9,] 0.3684369 0.3877080 0.6382032 0.3719985 0.4184793 0.5632596 0.6898980 0.3584802
 [10,] 0.2144310 0.2870887 0.2213943 0.3237706 0.2310989 0.3733396 0.2220494 0.4588477
 [11,] 0.2821610 0.2407872 0.2378615 0.2489596 0.4652859 0.4809427 0.2337419 0.3141759
 [12,] 0.2451045 0.1974087 0.2144494 0.4193713 0.2722374 0.2856184 0.2294588 0.3253537
 [13,] 0.3864654 0.3043881 0.2344777 0.3002250 0.2301620 0.4774555 0.2382367 0.4835410
 [14,] 0.4826803 0.4490124 0.3670416 0.5817751 0.5308386 0.5339374 0.4203484 0.3489663
 [15,] 0.2296932 0.4092715 0.5758939 0.3399601 0.4912174 0.4078869 0.2893146 0.3091893
 [16,] 0.2886070 0.4185945 0.2430817 0.2126679 0.4269976 0.3694932 0.2316029 0.3209686
 [17,] 0.3510187 0.3257732 0.2314770 0.3854459 0.4426181 0.3707468 0.4851935 0.2662383
 [18,] 0.6134610 0.4345225 0.4657737 0.3422406 0.4894993 0.6279560 0.4442495 0.4652724
 [19,] 0.4521071 0.3773042 0.4827466 0.3513472 0.4054471 0.5905751 0.4574934 0.4846915
 [20,] 0.4065437 0.4057250 0.4723424 0.3371165 0.3656132 0.5874932 0.5180713 0.4410532
 [21,] 0.3996169 0.3625947 0.4622573 0.5800368 0.6363437 0.5374049 0.4746623 0.5626417
 [22,] 0.4138598 0.3523321 0.4270688 0.3303900 0.3528475 0.5659038 0.5073529 0.4748765
 [23,] 0.5344691 0.2952222 0.4581093 0.3339757 0.4054032 0.4894468 0.4491785 0.4744078
 [24,] 0.5331949 0.3663815 0.5134185 0.4603362 0.5136219 0.5949172 0.4235584 0.5881359
 [25,] 0.3912754 0.4450430 0.5412602 0.3337680 0.3459646 0.4502297 0.6340819 0.4384194
 [26,] 0.3974325 0.3981563 0.4351005 0.3482129 0.4553269 0.5849972 0.4577535 0.5137364
 [27,] 0.3962048 0.3976985 0.4678300 0.3293145 0.4174135 0.4839247 0.4239445 0.4824153
 [28,] 0.4107990 0.3756964 0.4535260 0.4627062 0.4852199 0.6232490 0.4044222 0.4051251
 [29,] 0.3950198 0.4306911 0.4525207 0.3230264 0.4107845 0.4826406 0.4274105 0.5694339
 [30,] 0.5022970 0.5132786 0.4869346 0.6007666 0.6627779 0.4997496 0.3925254 0.4877773
 [31,] 0.3926741 0.4856027 0.4380826 0.3897250 0.4311020 0.5841210 0.4584102 0.4690179
 [32,] 0.4324749 0.4697594 0.4524793 0.3175221 0.3779404 0.5897973 0.4107264 0.5363824
 [33,] 0.4497734 0.4393311 0.4335629 0.4354528 0.3979791 0.6003270 0.5459353 0.4532370
 [34,] 0.4207360 0.4796003 0.2746562 0.2928775 0.4589297 0.4335488 0.2765215 0.2797632
 [35,] 0.5759056 0.4723827 0.2636049 0.3880220 0.4158553 0.4453351 0.4397935 0.3657055
 [36,] 0.5882391 0.4820839 0.2570388 0.5661996 0.4924740 0.6068245 0.3334005 0.5638177
 [37,] 0.5598541 0.4983884 0.5642449 0.3392302 0.4647029 0.4550660 0.4059152 0.2733018
 [38,] 0.4442913 0.3787425 0.2261693 0.3321528 0.3995137 0.6069585 0.2586981 0.2837220
 [39,] 0.3966636 0.4383352 0.4505337 0.4480427 0.3544697 0.4290880 0.5112533 0.6115222
 [40,] 0.6160450 0.4185801 0.6345327 0.3200433 0.4681271 0.5213625 0.6785402 0.3384680
 [41,] 0.5479159 0.4755990 0.2418908 0.3881267 0.2845353 0.4489708 0.2033541 0.4696381
 [42,] 0.5979328 0.4624342 0.2437920 0.3549215 0.4674516 0.4970116 0.2120610 0.3200433
 [43,] 0.5591257 0.4799461 0.2418730 0.4303935 0.2512856 0.3682530 0.2120058 0.3481815
 [44,] 0.6045757 0.5074299 0.2334546 0.3265471 0.2721858 0.5327490 0.2225405 0.4989591
 [45,] 0.4644587 0.5680783 0.3743135 0.6065005 0.5217399 0.5888582 0.4460442 0.3193121
 [46,] 0.5907694 0.5318193 0.6000564 0.3303258 0.4875009 0.4922124 0.2890957 0.3261602
 [47,] 0.5791892 0.5398874 0.2667571 0.3313039 0.4305494 0.4574797 0.2030011 0.3631808
 [48,] 0.5233980 0.4882772 0.2433126 0.4526171 0.4324749 0.4489016 0.4708771 0.1988847
 [49,] 0.4589844 0.3057438 0.3310475 0.3302296 0.3508309 0.2130355 0.4714824 0.3397856
 [50,] 0.4320505 0.3840345 0.3021349 0.5782011 0.6649662 0.5721728 0.2816854 0.5591376
 [51,] 0.4278231 0.2256622 0.4952155 0.2453703 0.3377687 0.1886714 0.4503264 0.2071356
 [52,] 0.3105865 0.3641054 0.3046528 0.3364001 0.3014545 0.5744686 0.2648533 0.2751529
 [53,] 0.3498443 0.4544064 0.3689882 0.4529753 0.5353832 0.4010453 0.5281008 0.6161332
 [54,] 0.4760669 0.4110606 0.6518535 0.3061732 0.3651981 0.4764811 0.6428192 0.3518633
 [55,] 0.4102175 0.2489596 0.2566191 0.3481972 0.4795205 0.1802874 0.2797973 0.4693146
 [56,] 0.4219694 0.2352666 0.2900216 0.2558842 0.1983058 0.4266843 0.2835016 0.3124241
 [57,] 0.4288466 0.2200461 0.2671028 0.4402136 0.4611270 0.2504229 0.2604064 0.3430152
 [58,] 0.4203914 0.3330168 0.2652864 0.2695877 0.4615357 0.4076535 0.2403775 0.4833557
 [59,] 0.3180595 0.4769618 0.4077848 0.5774678 0.5706930 0.5786314 0.4662748 0.3264343
 [60,] 0.4157542 0.4201904 0.6239359 0.3341514 0.4204201 0.3327289 0.2628585 0.3335603
 [61,] 0.4604453 0.4080911 0.2962084 0.2685014 0.2867509 0.2149813 0.2830776 0.3555131
 [62,] 0.4890790 0.3322808 0.2801548 0.4277377 0.3463266 0.2263866 0.5050286 0.2609461
 [63,] 0.2704145 0.3522696 0.2882192 0.6131290 0.6140361 0.5628913 0.4651368 0.5755671
 [64,] 0.2511976 0.3096005 0.5850433 0.3290253 0.3238999 0.2287910 0.2607025 0.3457284
 [65,] 0.4809826 0.3571611 0.2733018 0.3702120 0.2593958 0.5768037 0.4674922 0.3410061
 [66,] 0.5313229 0.4224708 0.4418780 0.4502435 0.5242758 0.3877678 0.5797931 0.5607845
 [67,] 0.4076097 0.3379436 0.6150302 0.3527694 0.3449090 0.4966996 0.6272623 0.3344707
 [68,] 0.2509336 0.2901563 0.3156140 0.3205142 0.4844536 0.1874244 0.4606908 0.5168064
 [69,] 0.2892136 0.3243686 0.2961082 0.3000753 0.3688044 0.4302233 0.4567947 0.3533314
 [70,] 0.2740907 0.3269338 0.2906608 0.4644722 0.4709713 0.2698978 0.4644044 0.2972435
 [71,] 0.3820032 0.3099457 0.2859228 0.3313039 0.4757460 0.4150172 0.4615221 0.4923040
 [72,] 0.4713613 0.4590254 0.3701202 0.5059669 0.6669531 0.5733685 0.5151841 0.3462479
 [73,] 0.2611724 0.4612496 0.6166400 0.3773648 0.3645211 0.3364957 0.4739389 0.3283180
 [74,] 0.2541319 0.4342686 0.3035936 0.3651366 0.3383568 0.2163555 0.4591347 0.3979939
 [75,] 0.3669035 0.3708843 0.2922735 0.4645808 0.3338000 0.2314230 0.3475846 0.3597198
 [76,] 0.2410543 0.3873339 0.5840979 0.5424226 0.5776541 0.5693044 0.4650284 0.5690334
 [77,] 0.4673840 0.4198887 0.2555515 0.6196290 0.6295575 0.4681946 0.3535030 0.5702696
 [78,] 0.5272151 0.4484861 0.4164328 0.6338457 0.5100534 0.6208232 0.5483647 0.5386718
 [79,] 0.4020452 0.4219694 0.6297304 0.6032746 0.6284650 0.4663560 0.6746497 0.5571397
 [80,] 0.2440582 0.3906794 0.2558667 0.6270345 0.5068527 0.5669091 0.3393413 0.3728826
 [81,] 0.2879663 0.3249986 0.2593435 0.5815552 0.6729696 0.4063976 0.3320887 0.5907008
 [82,] 0.2650439 0.3772133 0.2594132 0.3867500 0.4998532 0.6057513 0.3433627 0.6177954
 [83,] 0.3815210 0.3351250 0.2468750 0.5765938 0.5549919 0.4655434 0.3379595 0.4649063
 [84,] 0.4466415 0.4675868 0.4045687 0.4795205 0.5224061 0.5543548 0.4375489 0.5655842
 [85,] 0.2387188 0.4355514 0.5964379 0.5881818 0.6244696 0.5585042 0.3552329 0.5895684
 [86,] 0.2859398 0.4391068 0.2629627 0.5492737 0.6083307 0.5748194 0.3451927 0.6098894
 [87,] 0.3535186 0.3607566 0.2655461 0.5909065 0.5820645 0.5791544 0.5187534 0.5522470
 [88,] 0.4624750 0.3765614 0.5811151 0.3651519 0.3142087 0.5816941 0.4053007 0.2613464
 [89,] 0.5082627 0.4545988 0.5697283 0.4577124 0.5163758 0.3657516 0.5789220 0.5807442
 [90,] 0.4031465 0.3863755 0.5084804 0.3200596 0.3146011 0.4908898 0.5923106 0.3577356
 [91,] 0.1948620 0.2707587 0.5589584 0.3486995 0.4604589 0.2146145 0.4317817 0.4737781
 [92,] 0.2571962 0.2557266 0.5573433 0.2937826 0.3449090 0.4313145 0.4051836 0.2817364
 [93,] 0.2378079 0.2207751 0.5588030 0.3890233 0.4627470 0.2850940 0.4302659 0.3268372
 [94,] 0.3709454 0.3237544 0.5554484 0.2929613 0.4602270 0.4089074 0.4351146 0.4776823
 [95,] 0.4661665 0.4842024 0.6018136 0.5581573 0.5959276 0.5573673 0.5052601 0.3262570
 [96,] 0.2395040 0.4217114 0.4312437 0.3634120 0.3393096 0.3374029 0.4326162 0.3283019
 [97,] 0.2680355 0.4128602 0.5551001 0.2674656 0.2972435 0.2218311 0.4103338 0.3534718
 [98,] 0.3415286 0.3334324 0.5575229 0.4340993 0.2987772 0.2306486 0.3194584 0.2465919
 [99,] 0.3909327 0.4025887 0.4593123 0.3955384 0.5005264 0.6119436 0.5044239 0.6099894
[100,] 0.5335539 0.3997495 0.6402172 0.3572698 0.3518945 0.4351710 0.6904608 0.3712202
[101,] 0.4603498 0.3661511 0.2748275 0.2979274 0.4656112 0.5736963 0.2610506 0.4806240
[102,] 0.4572058 0.4069528 0.2190245 0.3423829 0.3157283 0.4179034 0.2441469 0.3198971
[103,] 0.4765612 0.3683909 0.2696739 0.4717109 0.4368461 0.6084199 0.2625111 0.3174244
[104,] 0.5044239 0.3936548 0.2573535 0.3386586 0.4525069 0.4304076 0.2636917 0.5048614
[105,] 0.3100443 0.5055300 0.3764400 0.6300869 0.6408979 0.5195106 0.4446672 0.3151240
[106,] 0.4759599 0.4738451 0.6075613 0.3108329 0.3599675 0.5756955 0.2444130 0.3027651
[107,] 0.4906801 0.4804911 0.2765215 0.3254667 0.2673620 0.5394210 0.2374325 0.3557309
[108,] 0.5049257 0.4105955 0.2724950 0.3938330 0.3038751 0.5462638 0.4860645 0.2757519
[109,] 0.5029679 0.4221270 0.7016154 0.4614268 0.5188670 0.5169962 0.7071507 0.6295575
[110,] 0.5035481 0.4645808 0.4270119 0.4183930 0.3372120 0.3869746 0.5073529 0.5174391
[111,] 0.5535245 0.4572469 0.4417383 0.4457523 0.5045011 0.4748899 0.5087108 0.6449782
[112,] 0.5133930 0.4586153 0.4350865 0.5040634 0.3593482 0.4201904 0.5104621 0.5483162
[113,] 0.5615589 0.4502849 0.4379843 0.4293010 0.3612358 0.4946028 0.4887899 0.5029421
[114,] 0.3958643 0.5448516 0.4430646 0.6603759 0.5233478 0.5706577 0.4900506 0.6001692
[115,] 0.5270029 0.5445347 0.6631380 0.3798309 0.5033547 0.4402836 0.5412112 0.5997744
[116,] 0.5337890 0.5384874 0.4359034 0.4479180 0.5015479 0.4177161 0.4843479 0.6540255
[117,] 0.5537893 0.5087236 0.4092132 0.3303579 0.5482556 0.4053885 0.5423248 0.6023085
[118,] 0.3811139 0.3669649 0.6237506 0.4151763 0.4484030 0.4894730 0.6709193 0.4965435
[119,] 0.4366492 0.4097665 0.6257859 0.3871842 0.3758786 0.3482129 0.6537961 0.3661357
[120,] 0.4018394 0.3769859 0.6217968 0.4471829 0.4592440 0.5129351 0.6524076 0.3693861
[121,] 0.4307903 0.3862855 0.6225615 0.3151077 0.4434272 0.3065693 0.6607682 0.5255780
[122,] 0.5316208 0.5242633 0.5843171 0.5710338 0.6481091 0.4685591 0.6696270 0.3653672
[123,] 0.4022803 0.4807966 0.4663560 0.3168702 0.3864204 0.5220793 0.6934147 0.3807518
[124,] 0.4193569 0.4859062 0.6136712 0.3576890 0.3245948 0.4899456 0.6878205 0.4012513
[125,] 0.3654288 0.4203053 0.6191903 0.4506856 0.3233662 0.5041921 0.5947808 0.3438995
[126,] 0.2765215 0.2999256 0.2323585 0.2445549 0.4888031 0.4351146 0.2146328 0.5096701
[127,] 0.2052468 0.2539389 0.2065065 0.4526447 0.2964423 0.2731988 0.1983245 0.5220165
[128,] 0.3561665 0.3364479 0.1981003 0.3533158 0.2410722 0.4147136 0.2100167 0.3335283
[129,] 0.4626926 0.4985960 0.3682990 0.5664599 0.5373433 0.5600451 0.4342968 0.4942375
[130,] 0.2285382 0.4334076 0.5657736 0.3611585 0.4690449 0.3497502 0.2902908 0.5067244
[131,] 0.2780585 0.4276524 0.2635702 0.3315282 0.4492477 0.2114353 0.2186593 0.5053501
[132,] 0.3561198 0.2975438 0.1886525 0.3970185 0.4751441 0.2312249 0.4697459 0.4841760
[133,] 0.2935983 0.2561643 0.2158427 0.4403256 0.4555877 0.4600087 0.1886903 0.3507996
[134,] 0.3158588 0.3288485 0.2221404 0.3229131 0.4768950 0.2669645 0.2292242 0.4563835
[135,] 0.4831969 0.4835543 0.3993073 0.5548838 0.5720085 0.4731746 0.4430088 0.3613440
[136,] 0.2393078 0.4013983 0.5904493 0.3759848 0.4141783 0.4649334 0.2761282 0.3063053
[137,] 0.3076084 0.3957310 0.2619724 0.2468042 0.2986939 0.4234869 0.2229767 0.3557154
[138,] 0.3751344 0.3064868 0.2382903 0.4311304 0.3746937 0.4431344 0.4616311 0.3074600
[139,] 0.2914172 0.3072292 0.2121162 0.4228717 0.2907281 0.4472523 0.1843183 0.5199141
[140,] 0.4842421 0.4756123 0.3858508 0.4474881 0.5219913 0.5107557 0.4381387 0.3462479
[141,] 0.2624764 0.4108572 0.5916032 0.4446533 0.4918198 0.3651519 0.2739364 0.3358903
[142,] 0.2232493 0.4238730 0.2719968 0.4322910 0.4147570 0.2817194 0.2010477 0.3953606
[143,] 0.3639976 0.3281411 0.2014387 0.5006946 0.4808896 0.2877132 0.4444444 0.3536746
[144,] 0.4960751 0.4732551 0.3993810 0.5707518 0.5370847 0.4545163 0.4533609 0.5214002
[145,] 0.3447987 0.4533196 0.5845247 0.2979107 0.4956194 0.4538838 0.2756835 0.4891710
[146,] 0.3394683 0.4578767 0.2702079 0.3048182 0.4358894 0.4074492 0.2303783 0.5217399
[147,] 0.4348609 0.3018031 0.2250097 0.4340146 0.4459608 0.4223419 0.4760535 0.4926963
[148,] 0.4852859 0.2992767 0.5889155 0.6181471 0.6018474 0.6311660 0.4340993 0.3278032
[149,] 0.5081731 0.3033285 0.4247446 0.5805124 0.6183559 0.5910093 0.4460442 0.3945156
[150,] 0.5311615 0.5010567 0.3452243 0.6463082 0.6091439 0.5964606 0.5648023 0.3462951
[151,] 0.2831285 0.1833692 0.5913177 0.3634429 0.3820032 0.3418135 0.2843320 0.3072787
[152,] 0.3653057 0.4191700 0.5828392 0.4054471 0.3568193 0.3642286 0.5063650 0.3132759
[153,] 0.3792869 0.4206786 0.2767778 0.4058713 0.3453031 0.1812397 0.4661259 0.3720595
            [,9]     [,10]     [,11]     [,12]     [,13]     [,14]     [,15]     [,16]
  [1,] 0.4359034 0.4293720 0.3855209 0.5725129 0.3844852 0.3343111 0.5163758 0.4119609
  [2,] 0.4640107 0.3000753 0.3962492 0.2784680 0.4329696 0.2192070 0.3401662 0.3181572
  [3,] 0.3268210 0.3127846 0.4104065 0.2014573 0.2595178 0.2342804 0.3102908 0.4541451
  [4,] 0.5347039 0.3345505 0.3811289 0.2928943 0.2827722 0.4992961 0.3267405 0.4444027
  [5,] 0.4519555 0.4122076 0.3508466 0.5292345 0.4638750 0.5635566 0.3756812 0.4203053
  [6,] 0.3098307 0.2735591 0.4177737 0.2502819 0.2951386 0.2666879 0.3344228 0.2325203
  [7,] 0.5392369 0.3396111 0.4897619 0.2882530 0.3251116 0.3044874 0.3135542 0.3247886
  [8,] 0.4541589 0.4668431 0.3335923 0.3426201 0.6027580 0.5548357 0.3038254 0.5606057
  [9,] 0.5465191 0.4716168 0.5529583 0.4577672 0.4592577 0.4980379 0.3519727 0.6301949
 [10,] 0.4727720 0.3178478 0.2207751 0.2516551 0.2742964 0.4734965 0.4176296 0.4106682
 [11,] 0.4745685 0.2925756 0.4056665 0.4243732 0.1799824 0.5061339 0.2846199 0.1975770
 [12,] 0.4485554 0.4898537 0.2759401 0.2420331 0.5193466 0.2793203 0.2790306 0.3026656
 [13,] 0.4223705 0.4396954 0.3909625 0.3323929 0.3407526 0.6340927 0.3234956 0.3033617
 [14,] 0.5157802 0.5681372 0.5841556 0.3296839 0.4683567 0.5392369 0.3979644 0.4380264
 [15,] 0.4648928 0.3310154 0.4361427 0.2607199 0.4652995 0.3788484 0.3321368 0.5059798
 [16,] 0.5022582 0.2933134 0.4271400 0.2925756 0.3098307 0.2351053 0.4238587 0.2248465
 [17,] 0.4433854 0.2773757 0.2103854 0.3138488 0.2633273 0.4781089 0.4139322 0.4655028
 [18,] 0.2814135 0.4064268 0.4528514 0.5792822 0.4613586 0.3103237 0.4839115 0.3983040
 [19,] 0.5279886 0.4299680 0.4765612 0.5617018 0.3979496 0.3252407 0.5377003 0.4663425
 [20,] 0.6300221 0.3958939 0.4346776 0.5374172 0.3773345 0.5456554 0.5177805 0.3889785
 [21,] 0.2726667 0.4725304 0.4084556 0.3317044 0.4594079 0.5837055 0.5298816 0.4870531
 [22,] 0.4650012 0.3932389 0.4505337 0.5196746 0.4066168 0.3296517 0.4826008 0.3931349
 [23,] 0.4203771 0.3396904 0.5034578 0.5648141 0.3669649 0.3146174 0.5526570 0.3488564
 [24,] 0.3631345 0.3779101 0.3894712 0.5525244 0.6572393 0.5680074 0.5179322 0.6406746
 [25,] 0.4040118 0.5975707 0.5872635 0.5666609 0.4646622 0.4905752 0.4727989 0.6467510
 [26,] 0.3079709 0.3423671 0.3884705 0.5308883 0.3044212 0.5139779 0.5355436 0.4653808
 [27,] 0.2983607 0.4033959 0.4087762 0.4233725 0.3383568 0.5696812 0.5291225 0.3863155
 [28,] 0.2958575 0.5381063 0.3193771 0.5633784 0.5615827 0.3431889 0.5286990 0.3147645
 [29,] 0.5570438 0.4740729 0.4288039 0.5047585 0.2889946 0.6277285 0.5202292 0.3904558
 [30,] 0.4246018 0.6146548 0.6416310 0.5414072 0.4271258 0.5471024 0.4746890 0.5169583
 [31,] 0.3091564 0.3555598 0.3760455 0.5334920 0.4925655 0.4439987 0.5474061 0.4794806
 [32,] 0.3281893 0.3675325 0.4675462 0.5616184 0.4192275 0.3017367 0.4127587 0.3895907
 [33,] 0.2843659 0.4044954 0.3866152 0.5466528 0.3528943 0.4943810 0.4647707 0.5021420
 [34,] 0.5235109 0.2974271 0.4888819 0.2587853 0.3864354 0.1919131 0.3347261 0.4929055
 [35,] 0.6293197 0.2884384 0.3621780 0.2856861 0.4530166 0.5237116 0.3264988 0.4403676
 [36,] 0.2933637 0.4965825 0.3664890 0.5481707 0.4940548 0.5466893 0.3736745 0.4490401
 [37,] 0.4549836 0.2382546 0.4936110 0.2636049 0.4184937 0.2425487 0.2568290 0.2743649
 [38,] 0.4015895 0.3095347 0.5269529 0.3692025 0.4655705 0.3150096 0.3299247 0.3760000
 [39,] 0.3404674 0.4062076 0.4060321 0.3278032 0.5591137 0.5760573 0.4009865 0.6033083
 [40,] 0.4098974 0.5361358 0.4984922 0.4328848 0.4223132 0.4904965 0.3409586 0.6177624
 [41,] 0.2369139 0.2914172 0.3931497 0.2572661 0.4677219 0.4912567 0.4953067 0.4210086
 [42,] 0.2034098 0.2199185 0.3157936 0.4087034 0.4525069 0.5701873 0.3326489 0.2999589
 [43,] 0.2134213 0.4763608 0.4493722 0.2379687 0.4976743 0.2435967 0.3282054 0.3541112
 [44,] 0.5842594 0.4294856 0.2981441 0.3358265 0.4632093 0.5936094 0.3536902 0.2978440
 [45,] 0.4605271 0.5679484 0.6067798 0.3089260 0.4575892 0.5283377 0.2847215 0.5032903
 [46,] 0.2313330 0.3150913 0.4509895 0.2771366 0.3801933 0.4054763 0.3611276 0.5129096
 [47,] 0.3218442 0.2459725 0.4496904 0.2874938 0.4777090 0.2079122 0.2987939 0.2692775
 [48,] 0.2261693 0.2190245 0.4049787 0.3159568 0.4307620 0.4621620 0.4297268 0.4841760
 [49,] 0.5339250 0.2900553 0.4689235 0.2869029 0.3322488 0.5291972 0.3116863 0.3894563
 [50,] 0.5410888 0.4737781 0.4489016 0.5440225 0.5057614 0.5571876 0.3680231 0.3613440
 [51,] 0.3740397 0.2704661 0.2482358 0.2526748 0.3106030 0.2555165 0.2724950 0.4533196
 [52,] 0.5050415 0.3121455 0.3341195 0.3088108 0.3518633 0.3261441 0.2855000 0.4882246
 [53,] 0.5128460 0.3971664 0.4197306 0.3548124 0.5471996 0.5800832 0.3609267 0.5441445
 [54,] 0.5718559 0.5637703 0.5899346 0.4560817 0.4847179 0.4890790 0.3653365 0.6081412
 [55,] 0.5184629 0.2825006 0.4220697 0.2431173 0.3065693 0.4960360 0.4489708 0.5070708
 [56,] 0.5218153 0.2443775 0.4899062 0.4241875 0.2664804 0.5565644 0.2178920 0.4708232
 [57,] 0.5079297 0.4825611 0.4426739 0.2591691 0.4524656 0.2547105 0.1871218 0.4309320
 [58,] 0.4792277 0.4314136 0.4715092 0.3291217 0.3599366 0.6234235 0.2651651 0.4538700
 [59,] 0.4995164 0.5355560 0.4563972 0.3243686 0.4057689 0.5161478 0.3748153 0.3476318
 [60,] 0.5267156 0.3437259 0.4343392 0.2625459 0.4101302 0.4217544 0.2630669 0.5359878
 [61,] 0.5121711 0.2644201 0.2584189 0.2858552 0.3305344 0.1938488 0.4021774 0.4887111
 [62,] 0.4893943 0.2679319 0.4038359 0.3107508 0.3051158 0.4685996 0.3890233 0.5202166
 [63,] 0.6442804 0.5030195 0.4163029 0.5072632 0.4799594 0.6461500 0.3331607 0.4740461
 [64,] 0.4977912 0.3052150 0.4892367 0.2741250 0.3164952 0.4783222 0.3545164 0.4332946
 [65,] 0.5908037 0.3248048 0.5461178 0.3610194 0.3466256 0.4951373 0.2952389 0.3849207
 [66,] 0.6384059 0.4463082 0.3682990 0.3508622 0.6136491 0.6546507 0.3610658 0.6528464
 [67,] 0.5456311 0.5690687 0.4373803 0.3828013 0.4705137 0.6079405 0.2499119 0.6671167
 [68,] 0.6345542 0.2928272 0.3751648 0.3005907 0.3218118 0.5990180 0.4840967 0.4813277
 [69,] 0.6166400 0.2955734 0.3055125 0.4237014 0.2679664 0.5688566 0.3263376 0.4489847
 [70,] 0.6203524 0.4822032 0.4198600 0.2804101 0.5154125 0.4693685 0.3226865 0.3948122
 [71,] 0.5057228 0.4373662 0.3166909 0.3270788 0.3551083 0.6456013 0.3461692 0.4365789
 [72,] 0.6489080 0.5531270 0.6182900 0.3099622 0.4569455 0.5472725 0.3504395 0.4910995
 [73,] 0.6155820 0.3356353 0.4723021 0.2298556 0.5023357 0.4005744 0.3164463 0.4965955
 [74,] 0.5891446 0.2699323 0.4838189 0.2778708 0.3251439 0.4915448 0.3476475 0.4205637
 [75,] 0.6016674 0.2760256 0.4021480 0.3332566 0.2523584 0.5446079 0.3524415 0.4727720
 [76,] 0.4575481 0.4772287 0.4580682 0.4855235 0.4932322 0.5077503 0.3503769 0.4069528
 [77,] 0.4178314 0.4800392 0.4824153 0.5473454 0.4589297 0.5220291 0.3557620 0.4475020
 [78,] 0.3061732 0.4670595 0.3509874 0.5188165 0.7164426 0.4519279 0.3634275 0.5234231
 [79,] 0.4001178 0.5065832 0.5532956 0.5125659 0.4165049 0.3864354 0.3513785 0.6108451
 [80,] 0.3468458 0.4328848 0.3277067 0.5217776 0.4685456 0.4133529 0.5002805 0.4757728
 [81,] 0.3277389 0.4657196 0.3598437 0.3785004 0.4845462 0.4869477 0.3516757 0.4329131
 [82,] 0.3050001 0.5686680 0.3706399 0.5224563 0.6360011 0.5823421 0.3493740 0.4184650
 [83,] 0.5617613 0.5549919 0.4023537 0.5134439 0.4446951 0.5187660 0.3807971 0.4449038
 [84,] 0.4493722 0.6123094 0.5655013 0.5255280 0.4823623 0.4647164 0.3753927 0.3479617
 [85,] 0.2978440 0.4436085 0.4155809 0.5221673 0.4607726 0.6361724 0.3733853 0.5575469
 [86,] 0.3647981 0.5005264 0.4200180 0.5412480 0.4264421 0.5607130 0.4212955 0.4521071
 [87,] 0.3215686 0.4784954 0.3331767 0.5291225 0.4696381 0.3703342 0.3504552 0.5483283
 [88,] 0.5199772 0.2964256 0.2924581 0.3685900 0.3137179 0.2638131 0.3419084 0.3631345
 [89,] 0.4577261 0.4224421 0.4508514 0.2983607 0.5802108 0.5891790 0.3889486 0.5622373
 [90,] 0.5277267 0.5296825 0.6220153 0.4167069 0.4016189 0.4861832 0.3846504 0.6381391
 [91,] 0.4350865 0.2637611 0.4400456 0.2283034 0.3213092 0.5031871 0.4916758 0.4218547
 [92,] 0.4225137 0.2441114 0.4986219 0.4141638 0.2947705 0.5640670 0.2831115 0.2420686
 [93,] 0.4348750 0.4366070 0.4424227 0.2121162 0.5560846 0.2890620 0.2840948 0.3280928
 [94,] 0.4526860 0.4083390 0.4676138 0.2854662 0.3576269 0.6323403 0.3108493 0.3086462
 [95,] 0.5118398 0.5539819 0.4474604 0.2970767 0.5095678 0.5346050 0.2804441 0.4352978
 [96,] 0.4357486 0.3065858 0.5152095 0.2738335 0.4197163 0.4212955 0.3099622 0.4920554
 [97,] 0.4386439 0.2304865 0.2716187 0.2680700 0.3283662 0.2542722 0.3412595 0.2305765
 [98,] 0.4380264 0.1837490 0.4057250 0.2852293 0.3059420 0.4254440 0.4272824 0.4668837
 [99,] 0.4074929 0.4352837 0.5193971 0.3403564 0.6400682 0.5767221 0.3698297 0.6022523
[100,] 0.3560420 0.5458015 0.6497898 0.4769484 0.4772020 0.4956845 0.3438522 0.6822380
[101,] 0.4008393 0.3317525 0.4705406 0.3502203 0.3485897 0.5047327 0.4791878 0.4184650
[102,] 0.3972107 0.3185152 0.5633072 0.4302800 0.3262086 0.5780615 0.2751357 0.3187918
[103,] 0.3829819 0.5007334 0.5234607 0.3635199 0.5602002 0.3531285 0.2883204 0.3351409
[104,] 0.6494855 0.4439848 0.5245765 0.3333205 0.3311597 0.6652636 0.3247563 0.3028977
[105,] 0.4349737 0.6015098 0.4730270 0.3580149 0.4417662 0.5534161 0.3388333 0.4920423
[106,] 0.3998674 0.3334324 0.5479644 0.3714950 0.4852331 0.4199605 0.3137015 0.5376018
[107,] 0.4234869 0.3040240 0.3351250 0.3928228 0.2986773 0.3172125 0.4021627 0.3448460
[108,] 0.3927485 0.3133087 0.4827333 0.3867650 0.3211146 0.4411931 0.3473017 0.5089923
[109,] 0.4148727 0.5961431 0.5119545 0.4008687 0.6427132 0.4181050 0.3807216 0.4716302
[110,] 0.3592862 0.3593791 0.3284145 0.3414020 0.6483825 0.3179293 0.4379843 0.4364242
[111,] 0.3580925 0.4100575 0.4002357 0.4006627 0.5862981 0.4644044 0.3421457 0.5717386
[112,] 0.3024998 0.5245765 0.3737506 0.3435206 0.3800272 0.5951557 0.3712965 0.6085759
[113,] 0.5943943 0.4835543 0.3509561 0.3284145 0.6618820 0.5726185 0.3986287 0.6065563
[114,] 0.4443887 0.6407172 0.6020049 0.2797632 0.5971292 0.4875009 0.3847705 0.5456432
[115,] 0.2976439 0.3913052 0.4331816 0.3357309 0.5872865 0.5997067 0.3602152 0.4509481
[116,] 0.3903365 0.4301382 0.4425344 0.3560109 0.6438678 0.5556165 0.4479041 0.5780149
[117,] 0.3385792 0.4206211 0.3273525 0.2963086 0.6153613 0.4602407 0.3907539 0.4807568
[118,] 0.4370711 0.5610348 0.5447419 0.4483338 0.4388263 0.3064868 0.4806372 0.5240627
[119,] 0.4396814 0.5473211 0.4582598 0.5058770 0.4576987 0.4398355 0.3472703 0.6094555
[120,] 0.4094025 0.4220697 0.5846515 0.4260430 0.6294062 0.5033805 0.3466256 0.6668610
[121,] 0.6063552 0.3603544 0.4952025 0.4105374 0.4448203 0.5534040 0.3323128 0.6349296
[122,] 0.4710923 0.4551896 0.5667791 0.4029557 0.5268280 0.3912456 0.3677779 0.5900833
[123,] 0.4492754 0.5791892 0.4733087 0.4086159 0.4341699 0.5471996 0.3612358 0.5318689
[124,] 0.3835084 0.5354572 0.5967100 0.4138309 0.4138164 0.4827201 0.3430310 0.6131622
[125,] 0.4243304 0.5321169 0.5451318 0.4063245 0.4557799 0.3416077 0.3115551 0.4808365
[126,] 0.2241571 0.2780927 0.4031465 0.4145111 0.2638478 0.4174279 0.4716571 0.3979939
[127,] 0.2318729 0.4618626 0.2984774 0.2062103 0.5474547 0.5139779 0.4487770 0.4294998
[128,] 0.5767571 0.4270546 0.3906347 0.3128010 0.2498061 0.5463489 0.4793608 0.4010600
[129,] 0.4369867 0.5812077 0.5871716 0.3134069 0.4285766 0.4072448 0.5028131 0.5427038
[130,] 0.2670855 0.2579125 0.4293578 0.2493653 0.4651368 0.5111640 0.4762673 0.3327449
[131,] 0.2843659 0.2816174 0.4480289 0.2481475 0.3318165 0.4770018 0.5264033 0.4137585
[132,] 0.2310989 0.2749816 0.2344418 0.3225894 0.2864130 0.3397063 0.5186145 0.2903918
[133,] 0.2319808 0.4767348 0.4106537 0.4064707 0.5070836 0.5814510 0.2344239 0.2922064
[134,] 0.5821686 0.4247160 0.3322328 0.4533333 0.3502203 0.4322910 0.2752385 0.2717046
[135,] 0.4246161 0.5411990 0.6015773 0.4006480 0.4516796 0.3462164 0.3574096 0.4760802
[136,] 0.2392007 0.3187267 0.4566028 0.4234726 0.4724229 0.4976484 0.2742107 0.4897094
[137,] 0.2800867 0.2391115 0.4556976 0.4351005 0.3027154 0.5498064 0.4141349 0.1958178
[138,] 0.2296211 0.2421220 0.4065145 0.4364945 0.2303243 0.4636441 0.3666579 0.4579177
[139,] 0.5686444 0.3004744 0.4132225 0.3450194 0.5501331 0.6379790 0.2461672 0.3491074
[140,] 0.4441102 0.4318949 0.6099005 0.3166746 0.4849425 0.5441445 0.3564774 0.4721946
[141,] 0.2384867 0.4705002 0.3959383 0.2514968 0.5512814 0.4425902 0.2711544 0.4652588
[142,] 0.3286878 0.4797200 0.4742337 0.2488537 0.5669682 0.2739193 0.4158264 0.3128501
[143,] 0.1849252 0.4603225 0.2969765 0.3164299 0.4896306 0.4793608 0.3813401 0.4916234
[144,] 0.5937004 0.4177305 0.6146659 0.3012718 0.4342686 0.4432878 0.3786517 0.4836072
[145,] 0.5860795 0.4445419 0.4897487 0.3448775 0.4789083 0.5636634 0.2273998 0.5223935
[146,] 0.5679012 0.4021774 0.4865788 0.3286074 0.3773194 0.6188391 0.4292726 0.3032954
[147,] 0.5611182 0.3876182 0.3821539 0.3245302 0.3193609 0.5246392 0.3706551 0.4821900
[148,] 0.4516520 0.5602360 0.5451805 0.3242555 0.4397795 0.5007075 0.3876481 0.5943830
[149,] 0.4131356 0.5701990 0.4180186 0.2960748 0.4624614 0.5147399 0.3225408 0.4822695
[150,] 0.4633452 0.5515712 0.5668737 0.3398966 0.4417243 0.4092132 0.4028530 0.4982326
[151,] 0.3307910 0.3193771 0.4517348 0.2784850 0.4488047 0.4169089 0.4351146 0.4970376
[152,] 0.2432594 0.3043219 0.4178602 0.3107344 0.5041535 0.5306150 0.3872890 0.3515349
[153,] 0.3179781 0.2205747 0.4213816 0.3171799 0.2928440 0.4540214 0.3790147 0.4638478
           [,17]     [,18]     [,19]     [,20]
  [1,] 0.2849924 0.3182060 0.4665184 0.3392620
  [2,] 0.3233662 0.2357146 0.3108165 0.4862096
  [3,] 0.2599535 0.3167561 0.2722717 0.2478296
  [4,] 0.3581855 0.4850218 0.6126418 0.5303416
  [5,] 0.3025330 0.5018192 0.4799993 0.4977393
  [6,] 0.4146991 0.2855508 0.2708964 0.2660826
  [7,] 0.5182355 0.6291575 0.3052315 0.3103073
  [8,] 0.2737992 0.3101430 0.4878036 0.5619874
  [9,] 0.5268530 0.3784248 0.3042227 0.5461665
 [10,] 0.5289731 0.4641329 0.2856184 0.2916355
 [11,] 0.4908898 0.4678705 0.2743992 0.2655980
 [12,] 0.2253904 0.2836372 0.3141759 0.2412680
 [13,] 0.2590993 0.2884047 0.4410672 0.3193934
 [14,] 0.3520352 0.4639972 0.2740221 0.3325849
 [15,] 0.3803745 0.2462203 0.4290454 0.4919245
 [16,] 0.3689729 0.3104551 0.2628238 0.2355892
 [17,] 0.2662729 0.3283180 0.3192308 0.2876795
 [18,] 0.3446725 0.3252568 0.4704060 0.4929577
 [19,] 0.2982107 0.3243525 0.4595991 0.3467357
 [20,] 0.3480559 0.5149684 0.6006426 0.5470660
 [21,] 0.3419242 0.4242303 0.3679465 0.5307641
 [22,] 0.4109734 0.3178478 0.4627606 0.3394524
 [23,] 0.4991665 0.6234017 0.3867650 0.3754990
 [24,] 0.3497189 0.3837189 0.5137872 0.6017236
 [25,] 0.5766405 0.4496074 0.4018394 0.5190311
 [26,] 0.5564444 0.4607590 0.4299538 0.3669342
 [27,] 0.5058256 0.5169076 0.4240874 0.3565707
 [28,] 0.3248532 0.3261119 0.3667347 0.3555442
 [29,] 0.3106687 0.3436154 0.4213959 0.3609576
 [30,] 0.2909635 0.4390787 0.4229289 0.3406100
 [31,] 0.3917369 0.3042558 0.3767889 0.4804379
 [32,] 0.3196534 0.2894830 0.4409693 0.3294751
 [33,] 0.2460079 0.2950549 0.3827110 0.3228484
 [34,] 0.3153527 0.3302777 0.3758178 0.4558485
 [35,] 0.3590538 0.4824683 0.6376907 0.2986773
 [36,] 0.3565862 0.4869873 0.4801190 0.5770368
 [37,] 0.4247446 0.2974604 0.3758178 0.4288323
 [38,] 0.5430826 0.6341249 0.3849957 0.4229289
 [39,] 0.3814758 0.3024667 0.5309628 0.3949160
 [40,] 0.5795841 0.3625176 0.3712813 0.4053739
 [41,] 0.5012765 0.4386159 0.3622706 0.4856687
 [42,] 0.5281133 0.4700962 0.3888889 0.4635897
 [43,] 0.3276745 0.2889440 0.3890681 0.4715361
 [44,] 0.3067344 0.3043881 0.4206211 0.5097340
 [45,] 0.3940259 0.4634539 0.3599675 0.5013411
 [46,] 0.3442151 0.2577728 0.4263708 0.3238352
 [47,] 0.3048678 0.3141759 0.3680844 0.4908898
 [48,] 0.3350612 0.3321688 0.3985697 0.4613041
 [49,] 0.3302296 0.4657737 0.6710006 0.5092481
 [50,] 0.3243202 0.3906347 0.4422132 0.5064292
 [51,] 0.3809932 0.3043385 0.2700184 0.2365203
 [52,] 0.5104110 0.6379897 0.3285592 0.2752898
 [53,] 0.3436627 0.3924660 0.4197306 0.5518489
 [54,] 0.5421169 0.4128457 0.3343909 0.5364194
 [55,] 0.5137364 0.3447987 0.2940172 0.2811075
 [56,] 0.5049900 0.5202418 0.2256441 0.2325023
 [57,] 0.2263866 0.2519365 0.3416710 0.2182575
 [58,] 0.2177458 0.2926762 0.4419199 0.3782734
 [59,] 0.3333845 0.4233582 0.2849078 0.3479303
 [60,] 0.3701661 0.3204980 0.3482443 0.4804645
 [61,] 0.3499539 0.2597444 0.2758545 0.2696050
 [62,] 0.2567241 0.3011888 0.3295233 0.2024992
 [63,] 0.3170169 0.4822562 0.5974915 0.6231399
 [64,] 0.4383773 0.4604862 0.6438572 0.4918591
 [65,] 0.5165278 0.6561905 0.5984078 0.4940679
 [66,] 0.3348857 0.4340005 0.7018385 0.4033813
 [67,] 0.5829548 0.4652859 0.6239032 0.4264278
 [68,] 0.5225694 0.4148727 0.6410786 0.5255655
 [69,] 0.4845594 0.5454972 0.6446822 0.5141430
 [70,] 0.3495621 0.5159577 0.6051470 0.5146511
 [71,] 0.3409744 0.3950049 0.5846169 0.4982197
 [72,] 0.2987772 0.4408714 0.6407384 0.5499153
 [73,] 0.3231397 0.5114446 0.6290818 0.3650904
 [74,] 0.3790752 0.5326747 0.6319742 0.5238997
 [75,] 0.3433627 0.5251526 0.5867580 0.5050286
 [76,] 0.4243732 0.4377456 0.4453351 0.4925655
 [77,] 0.5052601 0.6498528 0.3897846 0.5184124
 [78,] 0.2815665 0.5008369 0.5081603 0.6273816
 [79,] 0.5090947 0.4814339 0.4843611 0.6020948
 [80,] 0.5536208 0.4606090 0.4496628 0.4292158
 [81,] 0.4749969 0.6049566 0.4121786 0.4886322
 [82,] 0.2863961 0.4457523 0.3950346 0.5041535
 [83,] 0.3256925 0.4313570 0.3783491 0.5333682
 [84,] 0.3548592 0.4192419 0.4485831 0.4755722
 [85,] 0.3473961 0.4907194 0.3952717 0.5630220
 [86,] 0.3505648 0.4475574 0.4485970 0.4994905
 [87,] 0.3441678 0.4002946 0.3746785 0.5061596
 [88,] 0.3518007 0.6266331 0.3237382 0.2339574
 [89,] 0.4361005 0.3564308 0.4531543 0.5241254
 [90,] 0.3922726 0.4192275 0.2985773 0.5350004
 [91,] 0.3704412 0.4330968 0.2340471 0.2885901
 [92,] 0.3489819 0.4841231 0.1986607 0.2597444
 [93,] 0.4031759 0.2483771 0.2918371 0.2627717
 [94,] 0.4063976 0.3087614 0.4301240 0.3870045
 [95,] 0.4250016 0.4258291 0.2420331 0.3542827
 [96,] 0.4475020 0.2631537 0.3914094 0.5096573
 [97,] 0.4431762 0.2993267 0.1992953 0.3074436
 [98,] 0.4157831 0.3019690 0.2961583 0.2689672
 [99,] 0.5104877 0.6528046 0.5093888 0.5353708
[100,] 0.4471829 0.6284000 0.3323929 0.5285495
[101,] 0.3607256 0.6090771 0.3177990 0.2975105
[102,] 0.3356831 0.5333311 0.3390080 0.2526748
[103,] 0.5247519 0.6204071 0.2371107 0.2919042
[104,] 0.5142193 0.6668303 0.3631345 0.3715560
[105,] 0.4651639 0.5488133 0.3231721 0.3205791
[106,] 0.5129605 0.6240884 0.3387380 0.5095167
[107,] 0.5159323 0.6242627 0.3211146 0.3031297
[108,] 0.5003970 0.5992890 0.2426020 0.2727697
[109,] 0.5518006 0.2994432 0.4883561 0.4259147
[110,] 0.5502903 0.4837527 0.4891972 0.5935297
[111,] 0.4963223 0.4275528 0.4572606 0.5596273
[112,] 0.3052811 0.3754838 0.5024260 0.5525364
[113,] 0.3508622 0.3621471 0.5112916 0.5827930
[114,] 0.3540956 0.4803316 0.4912567 0.5523556
[115,] 0.3715408 0.3326969 0.4624206 0.4126862
[116,] 0.3929566 0.3594876 0.4741935 0.5443518
[117,] 0.3394366 0.3825153 0.5138762 0.5643280
[118,] 0.4298829 0.4781489 0.2887755 0.5509431
[119,] 0.4003240 0.4415566 0.3121291 0.5448151
[120,] 0.5314594 0.3941447 0.3144539 0.5600809
[121,] 0.5534040 0.4157831 0.4373662 0.5922307
[122,] 0.5814973 0.4828923 0.2566366 0.4884219
[123,] 0.5696930 0.3916030 0.3952273 0.4367055
[124,] 0.5657855 0.3982597 0.2781780 0.5087108
[125,] 0.5765006 0.3851308 0.3289610 0.5070067
[126,] 0.3619155 0.5679602 0.2290257 0.2842981
[127,] 0.5271152 0.3837940 0.3162668 0.2943688
[128,] 0.5280884 0.4141638 0.4395833 0.3998232
[129,] 0.5128078 0.3852208 0.2196084 0.3599521
[130,] 0.4401156 0.4501467 0.4157398 0.5115084
[131,] 0.5094400 0.4155953 0.2074316 0.3088602
[132,] 0.5417499 0.4311020 0.2895672 0.2809885
[133,] 0.5187155 0.4930492 0.3037592 0.2157877
[134,] 0.5004876 0.5086084 0.4457523 0.3423197
[135,] 0.4897619 0.5721962 0.2578601 0.3680998
[136,] 0.4881720 0.4490401 0.3891428 0.4969466
[137,] 0.5126550 0.5043852 0.2073391 0.2873757
[138,] 0.5218027 0.5091586 0.3024335 0.2373074
[139,] 0.2261331 0.3534406 0.3887096 0.3470502
[140,] 0.3650135 0.4312862 0.2907953 0.3783491
[141,] 0.3849057 0.2679319 0.2952891 0.4989591
[142,] 0.3445148 0.2486948 0.2934810 0.2538161
[143,] 0.2479709 0.2725294 0.2100720 0.2246651
[144,] 0.3451927 0.4566028 0.4498564 0.3941595
[145,] 0.3859708 0.3348857 0.3740093 0.5063522
[146,] 0.3514567 0.3676552 0.4307620 0.3490447
[147,] 0.2746219 0.3671490 0.3797251 0.3773648
[148,] 0.3331127 0.4490401 0.3908880 0.4885402
[149,] 0.3434259 0.4078723 0.2305045 0.3221035
[150,] 0.2980607 0.4230720 0.2998924 0.3272559
[151,] 0.3493740 0.2699667 0.3998085 0.4923301
[152,] 0.3919304 0.2994265 0.3126044 0.4906932
[153,] 0.2803931 0.2862102 0.2907281 0.2299998

$details$group
      Treatment
N1_40      N_40
E3_60      E_60
E1_0        E_0
N2_0        N_0
E3_40      E_40
E2_60      E_60
N2_40      N_40
E3_0        E_0
E2_40      E_40
E1_40      E_40
N3_60      N_60
N1_60      N_60
N1_0        N_0
N2_60      N_60
E1_60      E_60
E2_0        E_0
N3_0        N_0
N3_40      N_40

$details$meta.group
NULL


