#OTU ID	KO1	KO2	KO3	KO4	KO5	KO6	OE1	OE2	OE3	OE4	OE5	OE6	WT1	WT2	WT3	WT4	WT5	WT6
OTU_1	8	0	0	0	0	1	10	4	3	2	1	6	7	10	8	3	2	8
OTU_10	1	2	0	2	0	0	6	2	1	2	0	1	0	3	2	3	1	2
OTU_100	0	17	8	0	0	5	18	35	25	5	13	22	9	7	9	15	3	6
OTU_1000	1	0	1	2	1	5	1	2	0	3	1	0	2	3	1	5	5	8
OTU_1004	3	1	0	0	1	1	8	13	5	16	3	2	1	3	5	3	12	6
OTU_1005	5	5	26	71	20	64	36	21	17	21	17	33	8	22	13	23	25	23
OTU_1007	1	0	0	0	3	0	0	0	0	0	0	3	0	0	1	3	1	1
OTU_1008	8	6	3	6	1	2	9	5	17	15	21	9	13	13	10	6	9	10
OTU_1009	2	0	0	0	1	0	1	0	2	7	5	2	1	0	1	4	1	6
OTU_101	2	11	0	1	0	3	23	60	16	8	16	13	13	14	25	13	9	10
OTU_1010	23	17	7	14	12	7	47	13	43	30	33	34	27	29	43	44	27	37
OTU_1011	2051	920	1556	1784	2727	1450	1283	1141	1660	1839	1651	1215	2316	3521	1834	2035	2510	1850
OTU_1013	15	7	14	14	9	8	18	11	77	36	20	20	27	38	27	30	15	33
OTU_1014	7	9	6	5	5	8	10	4	7	7	10	10	5	4	5	6	5	8
OTU_1015	6	6	0	0	1	2	17	13	6	8	8	9	18	9	7	9	7	3
OTU_1016	1	1	1	0	3	0	3	1	0	10	1	2	0	2	4	3	2	0
OTU_1017	128	98	39	27	109	5	36	23	66	350	46	27	89	43	113	138	20	39
OTU_1018	5	1	1	0	0	2	8	3	5	7	5	4	5	5	13	22	4	4
OTU_1019	446	458	484	460	1081	517	768	572	379	609	474	262	690	714	742	605	467	710
OTU_1020	2	1	4	1	4	0	1	1	2	1	1	6	1	0	2	0	0	3
OTU_1022	5	3	0	3	0	8	8	1	6	2	1	3	0	0	4	3	4	4
OTU_1023	12	12	2	7	2	8	16	26	9	13	8	19	17	6	16	13	25	19
OTU_1024	2	3	0	0	0	0	1	3	1	2	1	2	1	1	2	1	1	6
OTU_1025	2	1	2	0	1	0	3	2	6	4	4	5	5	2	20	1	1	2
OTU_1026	2132	1301	2540	2359	3173	2017	741	555	1340	1356	1083	717	1420	1764	968	1226	1665	1308
OTU_1027	21	10	5	9	4	6	52	32	43	44	52	15	32	66	44	50	19	30
OTU_1028	4	0	0	2	0	0	9	12	4	11	7	3	4	10	7	7	3	5
OTU_1029	8	4	2	5	7	3	1	10	1	3	2	4	3	3	2	5	0	6
OTU_103	1	10	19	2	2	1	25	38	22	4	5	29	12	5	24	6	3	8
OTU_1030	6	3	2	0	1	0	5	3	3	5	1	4	2	1	2	7	0	5
OTU_1031	2	2	1	2	2	3	1	0	0	3	9	5	2	0	3	2	6	2
OTU_1032	4	1	0	0	0	0	3	3	4	5	4	1	2	4	6	5	6	3
OTU_1033	8	5	5	6	1	4	5	11	9	5	7	5	18	10	14	19	15	9
OTU_1034	22	8	5	24	10	10	16	15	22	33	14	28	13	18	34	27	16	20
OTU_1035	10	6	0	2	2	2	26	24	5	17	12	13	6	7	15	7	16	21
OTU_1036	16	7	8	4	8	4	34	14	40	21	11	18	21	24	30	34	25	23
OTU_1037	1	0	0	0	0	0	2	0	3	3	0	0	1	2	1	3	0	1
OTU_1039	5	4	2	1	0	0	5	3	3	1	1	1	4	1	9	0	2	4
OTU_104	0	2	2	1	3	0	3	13	10	6	2	5	3	2	5	1	1	2
OTU_1041	8	5	1	1	1	1	27	22	10	13	19	23	19	12	20	17	18	14
OTU_1042	1	0	4	5	1	1	2	2	2	3	6	4	3	2	3	1	5	4
OTU_1043	1	0	0	0	0	0	0	2	0	0	4	0	0	0	7	0	4	0
OTU_1044	4	5	1	1	0	1	2	1	5	1	0	7	5	5	7	3	3	1
OTU_1045	2	0	0	2	2	0	1	6	2	2	1	0	0	3	4	5	2	8
OTU_1046	2	3	0	3	0	12	2	2	0	29	0	0	0	0	2	0	1	7
OTU_1047	6	4	7	4	2	0	6	11	11	8	7	10	3	19	16	9	1	10
OTU_1048	3	0	1	2	4	0	1	0	2	2	2	0	0	4	4	0	1	2
OTU_105	0	4	0	0	0	0	2	4	0	0	1	4	0	0	2	6	0	2
OTU_1050	33	22	13	19	9	11	92	71	77	63	48	37	43	53	83	58	28	59
OTU_1051	0	1	1	0	0	1	2	4	0	0	3	2	1	0	4	3	0	3
OTU_1052	6	1	2	4	2	5	2	7	7	11	6	6	7	2	6	10	8	8
OTU_1053	0	2	0	1	0	1	3	0	2	1	4	1	0	0	1	0	3	3
OTU_1054	0	2	2	0	2	0	4	3	3	3	1	2	7	1	0	0	2	3
OTU_106	0	1	1	1	0	1	3	7	4	2	2	2	3	0	1	1	1	0
OTU_1060	2	0	0	1	0	1	13	8	5	2	9	4	1	8	2	4	3	3
OTU_1061	1	1	0	0	0	0	10	4	3	2	2	2	4	0	2	2	1	2
OTU_1062	11	9	6	7	6	2	12	15	25	19	12	12	10	22	24	17	16	15
OTU_1063	0	0	0	0	0	0	0	0	0	0	0	0	0	0	0	49	0	0
OTU_1065	545	523	584	625	713	647	404	346	462	420	512	420	474	619	589	622	534	531
OTU_1066	208	301	161	400	209	513	115	86	218	93	204	584	136	124	175	106	409	144
OTU_1067	5	3	3	5	1	2	5	5	2	1	3	9	1	1	4	4	4	2
OTU_1068	414	203	305	708	589	794	130	124	518	351	259	273	621	1054	227	371	395	309
OTU_1069	57	55	40	71	52	73	78	52	43	43	56	91	61	45	55	39	45	45
OTU_107	0	1	5	0	1	0	1	1	1	3	1	1	0	0	1	1	0	0
OTU_1070	441	374	466	400	623	402	456	278	398	374	446	378	519	613	521	358	422	492
OTU_1071	75	69	116	78	65	90	98	78	62	49	77	93	39	63	74	87	46	49
OTU_1072	372	309	345	384	482	536	258	235	306	376	399	354	278	317	374	718	437	345
OTU_1073	3	1	1	2	2	2	5	1	1	0	0	0	0	31	1	3	0	1
OTU_1074	5	3	0	5	6	7	5	4	9	9	5	5	5	5	2	3	6	9
OTU_1075	5	7	4	3	0	4	8	2	5	3	4	8	5	0	5	4	5	7
OTU_1076	453	191	289	356	511	422	72	69	170	142	74	59	252	209	129	114	266	171
OTU_1078	18	15	4	8	10	20	19	6	12	6	14	14	16	17	14	8	14	6
OTU_1079	12	7	1	8	8	5	30	30	36	25	31	25	24	24	36	27	21	29
OTU_108	0	3	0	0	0	0	2	10	4	0	3	3	0	4	2	1	1	1
OTU_1081	29	31	30	33	62	179	28	15	8	16	33	28	32	24	54	15	35	21
OTU_1082	184	126	179	216	226	294	134	116	229	299	142	108	199	208	211	183	159	177
OTU_1084	14	10	17	7	6	3	28	21	40	28	17	28	31	65	37	54	43	38
OTU_1085	6	11	4	5	4	8	9	6	7	6	5	5	5	3	7	5	4	10
OTU_1087	5	5	0	4	2	1	12	18	19	9	3	3	16	18	11	7	10	11
OTU_1088	42	37	75	30	117	54	55	57	31	53	52	12	45	33	62	36	36	42
OTU_1089	8	0	8	1	8	0	8	41	2	89	5	47	3	2	2	9	0	7
OTU_109	3	3	2	1	0	1	5	14	8	2	4	5	7	10	11	8	3	2
OTU_1091	13	3	42	6	11	43	8	24	33	27	24	11	83	30	7	21	35	23
OTU_1092	22	29	24	9	23	13	17	23	13	25	27	20	25	37	26	11	37	20
OTU_1094	30	6	9	16	15	18	3	8	20	19	11	13	10	23	10	15	8	7
OTU_1095	193	259	218	260	319	299	128	111	163	187	167	154	162	208	199	256	219	204
OTU_1096	1	6	26	19	11	5	2	0	1	2	2	2	5	14	3	2	10	1
OTU_1097	15	10	10	9	8	8	10	11	18	14	14	13	5	7	10	14	14	13
OTU_1098	7	14	5	9	6	16	23	13	6	8	9	19	7	12	21	16	8	10
OTU_1099	3	5	2	3	1	5	0	1	0	3	6	4	2	5	4	9	1	5
OTU_11	6	9	6	10	2	7	10	0	6	3	5	9	4	6	5	7	5	11
OTU_110	0	0	1	0	4	1	3	2	1	2	1	8	4	2	2	0	0	3
OTU_1100	7	2	2	3	3	2	3	3	4	13	7	3	3	2	7	2	6	4
OTU_1101	1	0	0	1	0	1	1	0	1	2	1	3	0	8	2	0	0	2
OTU_1102	8	2	0	5	2	0	1	0	0	1	1	1	0	4	2	4	4	4
OTU_1106	5	4	19	2	2	6	7	5	8	4	9	8	8	6	6	14	9	13
OTU_1107	1	3	6	0	0	0	1	0	8	0	1	1	0	0	2	0	1	0
OTU_1109	7	23	233	70	26	54	55	24	41	22	15	3	27	44	35	14	24	41
OTU_111	0	0	0	0	0	1	2	0	1	1	0	4	0	0	3	1	0	0
OTU_1112	87	42	33	62	90	67	118	99	61	75	49	62	155	92	82	66	62	104
OTU_1113	2	1	0	3	0	2	2	0	1	1	1	4	0	1	0	2	0	3
OTU_1114	1	1	0	0	0	1	3	3	7	1	2	1	0	0	5	0	1	3
OTU_1116	0	1	3	1	1	2	3	10	4	13	3	0	3	4	4	0	4	14
OTU_1117	1	0	12	1	2	0	4	2	0	7	11	7	0	1	3	13	0	2
OTU_1118	64	37	45	52	383	55	87	112	43	53	88	46	70	47	138	79	65	72
OTU_1119	0	0	2	17	0	0	1	0	0	0	1	2	0	0	0	0	0	0
OTU_112	0	0	0	0	0	0	4	2	2	0	6	1	1	1	0	2	1	1
OTU_1120	9	3	7	6	2	10	14	9	3	1	7	7	7	4	9	6	3	10
OTU_1121	0	0	0	0	1	1	0	0	2	1	0	0	2	2	1	2	0	0
OTU_1122	6	0	0	1	3	4	22	2	5	2	5	1	3	2	2	0	0	1
OTU_1123	0	0	0	0	0	0	1	0	2	1	1	1	2	2	3	7	0	0
OTU_1124	0	0	0	0	0	1	2	3	1	0	0	0	2	3	5	0	5	1
OTU_1125	0	0	0	0	0	0	0	0	0	0	0	0	0	0	17	0	0	0
OTU_1127	9	8	9	16	19	7	8	2	1	6	7	4	6	17	2	2	4	3
OTU_113	0	1	0	0	0	0	5	0	1	3	0	3	1	0	0	1	1	0
OTU_1130	16	12	14	22	26	13	10	6	29	25	13	15	32	68	17	18	21	31
OTU_1132	247	248	1843	679	1490	494	320	1927	1492	988	544	341	1085	1216	783	413	1045	1434
OTU_1133	1	4	1	2	4	1	1	1	2	3	1	1	2	2	1	1	3	0
OTU_1136	0	0	0	0	0	0	4	1	0	0	3	1	0	0	4	4	0	0
OTU_1137	212	264	737	175	109	141	107	87	583	376	44	164	232	200	114	68	135	101
OTU_114	10	10	6	3	1	1	5	4	3	5	8	3	7	4	10	4	4	9
OTU_1140	9	6	12	4	10	4	2	23	10	15	13	3	2	3	16	32	2	6
OTU_1148	0	15	4	0	9	2	3	5	6	2	2	5	7	15	2	1	12	6
OTU_1149	0	33	7	0	13	39	1	21	21	6	9	5	6	0	0	1	1	5
OTU_115	7	18	10	6	1	5	11	13	11	10	6	3	6	8	6	9	5	5
OTU_1150	1	31	21	1	90	6	4	2	4	1	5	25	10	6	1	4	10	8
OTU_1152	4	8	2	3	0	3	5	1	10	18	4	7	3	49	0	43	0	1
OTU_1153	0	0	0	0	0	0	6	0	2	7	2	0	0	0	0	79	3	4
OTU_1155	4	0	0	0	0	0	2	1	2	5	0	0	1	0	3	1	3	6
OTU_1156	30	53	3	10	24	2	7	31	8	20	29	29	55	7	8	10	56	31
OTU_1158	94	113	63	145	184	70	72	325	18	149	279	164	880	57	121	137	384	274
OTU_1159	14	11	4	5	1	3	23	17	13	28	15	10	22	32	17	24	34	35
OTU_116	29	48	53	34	28	40	41	71	50	43	57	38	54	48	52	48	37	50
OTU_1160	2	0	1	4	5	7	4	4	6	7	6	4	5	4	5	3	15	6
OTU_1161	5	2	1	0	0	0	8	3	1	7	0	1	2	2	2	3	2	7
OTU_1162	0	1	1	0	2	0	2	2	3	1	2	4	2	0	1	3	0	1
OTU_1163	0	1	0	1	1	0	9	2	10	4	3	5	2	1	2	3	5	0
OTU_1164	0	2	0	0	0	0	5	3	3	2	0	3	3	3	1	1	0	1
OTU_1165	0	1	0	0	1	0	1	3	3	2	2	11	0	0	0	3	2	0
OTU_1166	8	6	1	6	2	1	3	6	4	6	4	3	6	6	5	5	6	8
OTU_1167	3	2	0	2	4	0	2	1	0	1	5	5	2	2	4	3	1	2
OTU_1168	1	2	3	1	2	5	2	12	1	3	7	12	3	3	7	4	4	2
OTU_1169	6	8	6	4	2	5	44	16	27	5	16	51	12	6	20	8	7	8
OTU_1170	0	1	0	1	0	0	1	1	0	0	1	3	2	1	0	0	0	1
OTU_1171	1	7	0	0	0	5	3	9	4	1	4	4	4	5	9	3	2	2
OTU_1172	0	0	1	0	0	0	0	4	0	0	0	0	0	0	1	3	0	1
OTU_1173	1	0	0	6	0	0	3	2	2	3	1	1	2	0	0	0	0	1
OTU_1174	0	0	0	0	1	0	3	5	0	1	8	3	0	0	0	13	1	0
OTU_1175	1	2	0	0	0	0	0	0	0	2	3	0	1	2	1	0	0	0
OTU_1176	4	0	6	0	2	1	0	0	0	0	0	0	1	0	0	2	0	0
OTU_1177	9	9	2	28	2	3	9	7	1	9	6	4	6	4	3	2	1	3
OTU_1178	9	9	2	12	2	7	10	11	3	17	5	3	13	11	5	7	14	12
OTU_1179	28	50	12	31	23	20	15	17	24	17	16	14	39	20	32	31	15	36
OTU_118	1	1	0	0	3	4	13	3	5	1	6	12	13	4	5	4	0	0
OTU_1180	7	8	2	6	2	2	9	19	12	14	6	6	10	7	5	4	9	14
OTU_1181	4	0	1	0	0	0	2	0	0	0	3	2	5	4	0	2	7	3
OTU_1182	0	2	0	0	0	0	2	3	4	4	4	1	3	1	2	1	0	2
OTU_1183	10	34	4	6	5	11	10	10	2	14	3	5	9	0	8	2	3	18
OTU_1184	0	0	3	2	4	1	1	0	0	0	0	0	0	0	1	3	3	3
OTU_1185	1	3	0	4	0	1	1	2	2	0	0	0	2	0	0	0	2	0
OTU_1186	0	0	0	0	2	1	0	3	1	1	2	2	3	1	1	2	2	2
OTU_1187	0	0	0	0	1	1	1	4	3	0	2	3	2	1	5	1	1	0
OTU_1188	3	0	0	1	1	2	10	6	1	5	2	1	4	7	2	2	4	2
OTU_1189	7	1	1	0	0	0	2	1	1	17	0	1	0	0	0	0	0	1
OTU_119	4	4	1	1	0	1	17	4	10	4	5	8	7	0	4	2	1	4
OTU_1190	8	3	2	0	0	0	0	2	2	1	0	0	4	0	6	0	2	1
OTU_1191	20	33	9	14	12	8	19	45	26	25	27	19	54	21	24	23	16	30
OTU_1192	3	2	7	2	39	7	1	21	2	5	12	0	6	1	12	1	1	16
OTU_1193	2	2	0	0	2	0	2	1	0	1	0	1	3	4	1	1	0	0
OTU_1194	2	0	0	0	0	1	3	0	1	5	2	0	3	0	2	1	2	1
OTU_1195	2	0	0	0	0	0	0	0	0	3	2	0	3	2	1	1	0	0
OTU_1196	4	10	2	10	1	4	6	6	4	8	5	10	5	0	3	3	0	5
OTU_1197	2	3	1	1	0	0	7	7	1	8	4	2	7	0	6	2	3	2
OTU_1198	6	10	2	3	1	4	4	10	13	7	3	6	12	8	8	7	4	15
OTU_1199	5	15	1	14	16	12	10	15	11	10	8	7	21	5	13	10	12	8
OTU_12	8	5	3	4	8	6	8	6	3	4	7	13	13	15	13	4	10	11
OTU_120	3	1	0	1	0	1	7	4	2	4	6	3	2	2	4	8	2	3
OTU_1200	7	5	4	7	10	6	3	16	12	17	11	10	27	16	14	13	12	10
OTU_1201	1	9	2	4	1	4	5	7	3	6	7	0	5	4	5	6	2	7
OTU_1202	0	8	0	1	0	0	2	2	3	4	0	4	0	0	1	0	0	0
OTU_1203	1	8	6	1	0	14	20	28	41	2	8	23	18	5	61	32	2	2
OTU_1205	0	0	0	0	1	0	1	2	5	1	2	3	1	0	1	1	1	0
OTU_1206	0	0	0	0	2	1	2	2	1	2	3	1	2	0	1	1	1	2
OTU_1207	1	0	0	0	0	0	0	2	1	0	1	1	2	0	1	0	1	1
OTU_1208	0	0	0	0	0	0	1	5	1	1	0	2	4	1	0	81	2	2
OTU_121	1	1	0	2	1	0	4	1	5	2	1	4	3	1	5	2	4	2
OTU_1210	0	1	0	1	0	0	1	1	0	1	1	2	2	1	2	0	0	3
OTU_1211	0	0	0	0	11	0	1	0	0	1	0	0	4	0	0	0	0	0
OTU_1212	1	5	1	0	0	2	0	7	4	1	2	9	5	1	5	3	2	2
OTU_1213	1	26	4	1	2	3	8	25	21	4	4	12	7	5	12	7	9	3
OTU_1214	2	0	3	1	3	0	1	2	0	1	1	1	1	0	2	0	1	1
OTU_1215	0	0	1	0	0	0	5	1	0	0	2	0	0	1	1	0	0	0
OTU_1216	0	1	0	0	0	1	0	1	2	1	3	1	1	1	1	9	0	0
OTU_1217	83	149	24	71	173	43	74	96	67	81	38	56	138	65	60	59	18	55
OTU_1218	54	45	4	199	54	83	25	29	32	21	36	38	38	30	110	37	12	38
OTU_1219	4	8	3	10	5	3	5	8	2	0	3	3	3	2	2	4	2	5
OTU_122	1	1	0	0	0	3	4	1	5	1	3	1	0	0	1	1	5	0
OTU_1220	42	52	18	44	52	23	32	56	19	30	32	26	53	21	48	7	29	25
OTU_1221	27	28	7	14	30	12	8	22	14	15	10	14	30	11	17	13	5	22
OTU_1222	89	62	13	43	21	26	49	34	45	40	27	28	42	28	45	29	10	25
OTU_1223	46	47	16	19	31	69	20	53	48	35	25	18	52	14	38	24	19	27
OTU_1224	36	73	25	72	40	32	32	50	41	33	31	34	67	32	46	45	22	52
OTU_1225	2	1	3	4	1	4	2	0	4	3	2	0	1	13	1	0	0	2
OTU_1226	29	59	11	30	7	10	25	34	24	29	32	22	39	11	27	16	7	23
OTU_1227	3	0	5	0	10	12	8	9	2	7	44	2	8	17	13	1	59	1
OTU_1228	1	3	0	0	0	1	2	5	0	1	2	0	6	0	1	2	0	0
OTU_1229	32	18	7	11	27	21	14	9	25	30	7	8	133	22	13	24	108	29
OTU_1230	5	7	2	6	4	7	3	4	3	0	5	2	5	5	2	3	4	4
OTU_1231	3	5	0	1	0	3	4	1	3	0	4	2	3	2	2	2	0	3
OTU_1232	1	10	0	6	3	2	1	6	1	5	2	2	5	0	0	3	0	3
OTU_1233	0	20	5	1	0	1	28	72	34	14	14	36	19	18	19	28	10	7
OTU_1234	4	1	0	2	1	0	1	1	7	1	2	3	1	0	1	0	0	1
OTU_1235	0	4	0	0	0	0	4	5	3	1	1	4	3	0	1	2	3	2
OTU_1236	0	3	0	0	0	1	1	9	2	1	0	5	2	1	2	1	1	0
OTU_1237	1	2	1	0	0	1	2	10	3	1	4	3	9	0	1	1	2	2
OTU_1238	0	3	1	0	0	0	1	8	7	1	1	4	2	3	2	0	0	0
OTU_1239	2	1	0	0	1	2	26	5	0	1	0	0	1	0	2	0	0	1
OTU_124	9	8	3	9	2	4	6	5	4	5	4	7	5	7	9	0	12	9
OTU_1240	33	60	20	33	48	31	25	40	30	58	34	30	54	33	43	31	24	55
OTU_1241	0	8	3	0	1	2	3	10	8	3	3	14	4	3	3	4	2	6
OTU_1242	0	0	0	0	2	0	1	0	3	1	1	1	0	0	1	3	2	2
OTU_1243	0	0	0	0	0	0	3	0	1	1	0	0	0	3	0	2	1	0
OTU_1244	32	39	35	39	51	28	30	52	45	59	33	40	79	55	56	58	34	36
OTU_125	0	5	0	2	1	2	2	3	0	2	3	4	3	0	4	5	1	1
OTU_126	1	2	0	2	1	5	3	2	5	15	3	6	3	12	24	13	7	13
OTU_129	3	2	2	1	1	1	3	6	3	4	1	3	0	2	0	2	1	3
OTU_130	0	1	0	0	0	0	6	2	2	2	3	1	2	0	4	1	1	3
OTU_131	0	6	0	5	2	5	2	4	5	3	9	5	1	4	11	5	29	7
OTU_132	2	1	1	0	1	2	4	2	3	1	1	2	0	0	3	0	2	3
OTU_133	0	0	2	0	0	0	0	1	1	0	0	4	1	1	0	0	0	0
OTU_134	0	1	3	0	0	0	12	11	4	1	5	14	3	1	8	4	4	1
OTU_135	0	0	2	3	12	6	2	7	1	1	8	4	2	2	3	3	3	3
OTU_136	0	1	0	0	0	0	3	6	11	1	1	7	1	0	3	0	2	0
OTU_138	3	0	1	2	0	3	2	3	4	4	3	3	1	0	4	4	4	3
OTU_139	11	13	13	10	9	7	20	9	8	8	16	16	8	16	22	13	18	19
OTU_140	6	0	4	1	5	0	3	5	4	2	2	8	4	4	5	3	2	5
OTU_141	7	12	2	7	0	7	12	10	12	9	10	13	7	5	4	12	8	13
OTU_142	5	1	10	3	2	2	6	7	4	6	6	14	4	4	10	8	8	7
OTU_143	4	2	1	0	0	1	5	2	3	5	3	1	1	1	6	8	7	5
OTU_144	1	0	0	1	0	1	2	4	3	1	1	5	0	4	3	1	2	3
OTU_145	1	1	1	0	0	0	5	4	3	1	0	0	0	0	3	8	2	1
OTU_147	2	10	4	4	3	2	7	11	4	5	7	2	10	4	5	5	3	8
OTU_148	1	10	10	6	0	4	7	11	5	8	8	12	6	10	6	3	7	4
OTU_149	0	1	11	3	2	0	5	3	1	6	6	3	0	6	1	3	2	1
OTU_15	12	121	56	87	13	26	45	78	32	47	73	18	27	86	68	27	13	68
OTU_150	0	1	0	2	3	2	5	1	1	4	5	5	2	1	3	3	3	7
OTU_151	7	28	14	12	5	10	10	2	10	9	11	12	7	10	14	13	8	8
OTU_152	0	1	0	0	1	1	1	0	0	1	1	8	0	0	6	1	3	2
OTU_153	0	0	2	0	0	1	0	0	0	0	0	0	0	0	0	9	0	1
OTU_154	0	0	2	0	2	2	5	19	0	2	17	5	0	0	6	2	8	4
OTU_155	0	0	1	0	2	0	3	2	1	1	1	1	1	3	0	3	0	2
OTU_157	0	1	0	2	2	1	3	3	0	0	3	0	1	2	2	0	4	0
OTU_158	0	0	0	2	0	0	2	3	2	1	0	3	0	0	2	0	0	1
OTU_159	1	0	0	0	0	0	5	3	1	2	2	1	0	0	3	2	1	2
OTU_160	0	0	0	0	0	0	1	3	0	1	1	2	1	0	2	1	1	0
OTU_161	6	3	8	11	4	4	7	4	15	6	9	7	7	10	7	4	11	17
OTU_163	0	1	0	0	2	1	4	1	1	1	2	6	2	1	1	5	1	1
OTU_164	0	2	0	1	0	0	5	5	1	1	1	5	3	2	6	4	1	3
OTU_165	1	2	1	0	0	0	2	5	2	1	3	8	10	9	1	12	2	2
OTU_166	3	0	1	0	0	0	1	4	1	3	0	6	0	2	1	4	8	0
OTU_167	1	2	2	0	0	1	6	16	5	4	2	11	9	6	5	2	3	3
OTU_168	20	6	15	11	9	8	27	14	31	9	13	17	14	15	10	15	7	9
OTU_169	7	6	4	5	1	7	13	8	6	2	7	10	5	9	9	4	3	6
OTU_17	10	2	0	5	0	6	7	3	3	5	6	3	5	5	4	1	10	2
OTU_170	73	25	54	73	29	38	110	34	78	61	80	110	27	58	67	64	44	43
OTU_171	38	49	24	27	29	25	60	51	24	30	35	45	11	27	47	30	34	37
OTU_172	5	3	2	2	1	2	7	9	13	13	8	9	8	8	9	7	8	7
OTU_173	42	44	51	33	23	51	68	37	48	45	43	66	37	49	59	54	21	74
OTU_174	1	0	0	2	0	1	1	1	1	0	4	2	2	1	2	0	1	1
OTU_175	610	801	751	548	681	718	738	561	490	495	716	657	570	562	654	652	593	688
OTU_176	31	25	15	23	25	22	44	26	21	23	37	19	26	29	36	31	29	48
OTU_177	36	22	22	32	29	25	40	33	23	27	31	49	59	37	43	36	26	45
OTU_178	2	1	2	0	5	5	6	4	2	5	13	16	3	4	7	5	3	0
OTU_179	7	2	3	3	0	0	6	3	7	2	6	3	5	7	4	6	1	1
OTU_18	9	7	2	2	1	3	17	8	12	5	4	7	4	10	7	0	1	9
OTU_181	15	20	8	11	36	22	8	15	10	12	17	20	21	21	17	57	22	20
OTU_182	1	1	1	1	0	0	1	3	0	1	0	2	2	0	0	1	0	0
OTU_183	9	1	5	2	1	4	6	3	3	6	4	6	1	3	8	2	2	4
OTU_184	18	19	15	35	29	36	21	16	26	18	22	14	28	33	32	25	25	30
OTU_186	14	15	14	11	4	11	18	10	15	13	7	15	11	13	14	11	8	23
OTU_187	3	1	10	3	1	0	4	1	2	0	2	3	1	0	2	2	0	3
OTU_188	3	3	3	3	2	4	10	14	12	9	6	6	6	9	12	11	12	5
OTU_19	6	5	6	4	4	9	11	6	12	9	10	18	13	9	12	7	3	12
OTU_190	3	7	4	1	9	3	4	3	1	3	1	3	3	8	2	8	2	3
OTU_191	4	3	5	0	1	0	27	5	6	2	7	14	5	1	1	3	5	3
OTU_192	5	5	2	8	3	9	5	4	8	6	8	6	17	4	10	8	4	7
OTU_193	7	6	1	7	1	3	0	0	2	2	0	2	2	10	2	4	9	5
OTU_194	96	134	19	44	51	74	136	76	77	69	102	131	81	52	102	64	81	93
OTU_196	3	1	2	4	1	3	2	0	2	1	2	3	1	0	6	4	3	2
OTU_197	21	8	4	3	6	7	35	19	15	24	33	13	35	35	31	34	19	22
OTU_198	20	12	24	2	5	6	24	7	11	8	7	15	12	18	33	13	9	10
OTU_2	0	7	0	0	0	0	5	6	2	0	2	2	0	0	0	4	0	0
OTU_20	3	2	1	3	3	0	5	2	3	5	2	5	2	0	3	0	1	1
OTU_200	12	30	16	18	9	7	15	44	24	16	33	15	18	7	22	17	28	11
OTU_201	1	5	2	0	1	0	23	5	10	3	3	22	6	10	9	6	1	4
OTU_202	2	7	0	4	2	1	4	6	2	3	3	5	2	3	7	1	4	4
OTU_204	0	2	1	1	0	1	2	4	2	1	4	3	1	1	2	1	0	2
OTU_205	0	1	1	0	0	1	2	0	0	1	1	2	1	0	0	1	0	1
OTU_207	3	1	1	2	0	0	7	6	9	12	1	2	8	10	12	9	14	8
OTU_208	2	0	1	2	0	0	1	0	1	1	0	1	0	0	2	1	2	2
OTU_209	0	0	1	0	3	0	2	2	2	2	0	0	0	0	2	4	1	4
OTU_21	1	2	2	2	0	0	2	2	1	1	1	2	0	3	1	3	0	1
OTU_210	0	0	14	0	0	0	0	0	0	1	0	0	0	0	0	0	0	0
OTU_211	0	1	1	0	0	0	0	9	3	2	1	2	1	0	0	2	5	1
OTU_212	2	1	0	1	0	0	3	0	3	2	2	2	0	1	1	0	0	0
OTU_213	0	0	0	3	1	4	1	1	4	0	0	0	1	0	1	0	2	0
OTU_214	0	1	0	3	0	1	3	48	1	0	1	1	0	0	0	0	1	1
OTU_215	0	0	1	0	0	1	4	0	0	0	1	2	0	0	1	1	0	1
OTU_216	0	0	0	0	0	0	0	3	0	1	3	4	0	1	1	2	1	2
OTU_217	150	153	494	258	464	301	145	238	120	170	237	100	214	279	156	229	423	286
OTU_218	2	4	5	11	6	6	2	3	4	7	14	6	2	4	6	8	6	4
OTU_219	276	177	448	395	521	305	241	266	264	282	347	389	161	279	229	318	378	267
OTU_22	1	0	0	0	0	1	2	0	2	1	2	2	2	0	1	0	1	1
OTU_220	47	20	25	32	11	44	34	19	23	17	11	21	13	5	31	34	5	14
OTU_222	34	65	95	306	70	75	45	35	26	25	58	39	28	46	48	57	73	54
OTU_223	3	1	2	2	1	3	5	2	1	2	1	2	5	0	3	0	1	3
OTU_224	21	27	16	24	14	28	27	19	25	18	30	34	20	20	15	21	13	21
OTU_225	62	72	191	25	27	64	44	32	29	43	23	20	19	25	33	31	15	21
OTU_226	14	4	14	3	0	7	16	9	35	3	6	9	4	1	10	7	6	6
OTU_227	9	15	50	4	6	10	16	13	9	14	17	7	5	7	21	36	2	16
OTU_229	54	60	62	59	17	81	83	37	47	41	41	64	43	20	54	80	28	43
OTU_23	4	3	0	1	0	2	2	0	1	0	0	1	1	2	1	2	1	2
OTU_230	668	825	415	436	235	1248	555	531	351	691	339	419	457	219	501	347	311	444
OTU_232	97	114	115	183	72	130	149	71	63	72	92	107	60	64	133	107	37	101
OTU_233	6	12	7	6	19	12	4	11	7	5	6	10	1	3	0	2	17	10
OTU_234	1	0	1	0	0	0	0	1	0	1	2	1	0	1	1	1	0	4
OTU_235	14	8	9	6	7	11	2	7	8	11	11	11	19	22	9	13	12	10
OTU_236	25	15	24	7	11	5	10	17	10	12	19	10	5	10	16	16	5	27
OTU_237	1	1	1	1	0	0	3	3	1	0	1	3	2	1	3	2	0	2
OTU_238	13	3	4	0	2	2	4	2	7	5	4	9	5	10	6	10	3	3
OTU_239	7	8	4	13	1	8	7	6	1	6	1	5	5	6	9	2	4	2
OTU_24	3	4	1	1	0	4	4	7	6	3	1	10	5	2	3	8	4	1
OTU_240	45	56	111	91	18	60	58	39	27	34	56	44	28	18	57	90	42	61
OTU_241	79	45	196	77	183	85	42	137	32	45	93	40	113	56	48	101	166	102
OTU_242	23	7	28	14	23	5	7	32	22	73	62	33	6	27	29	63	13	36
OTU_244	4	0	6	1	0	0	4	6	1	3	2	4	0	2	8	1	2	4
OTU_245	13	7	10	12	4	30	13	6	5	3	1	11	1	2	14	8	6	1
OTU_246	12	10	4	6	5	10	7	6	8	5	7	10	4	5	17	11	4	11
OTU_247	1	4	6	0	11	3	7	12	3	4	4	2	5	4	6	7	2	0
OTU_248	21	9	9	7	5	14	13	7	10	9	22	8	5	14	24	11	13	19
OTU_249	1	0	3	0	1	0	0	2	3	4	1	2	0	2	3	4	0	4
OTU_250	15	9	9	0	0	42	13	2	3	7	5	3	1	0	6	9	2	6
OTU_251	11	10	5	8	24	20	23	19	11	9	7	24	5	7	160	34	0	10
OTU_252	2	1	0	3	1	3	2	3	2	3	1	1	5	0	2	3	0	1
OTU_253	9	4	18	4	6	40	15	3	4	15	2	16	5	2	15	2	5	11
OTU_254	13	18	7	3	0	4	27	7	13	3	15	26	6	4	11	4	5	10
OTU_255	64	57	95	96	111	53	39	39	49	50	56	47	74	72	75	78	66	89
OTU_256	2	2	3	2	1	3	1	0	0	1	2	2	1	3	3	1	1	2
OTU_257	7	9	1	1	6	9	5	2	4	4	4	5	4	6	3	3	4	2
OTU_259	44	70	52	46	109	89	40	43	58	56	51	34	104	88	136	90	91	83
OTU_26	4	5	1	4	2	2	3	5	4	3	3	7	3	4	0	3	2	5
OTU_260	2	4	4	0	2	2	8	3	5	12	6	5	8	3	7	25	1	8
OTU_261	31	86	17	14	24	97	44	47	22	33	20	40	18	22	24	60	25	24
OTU_262	39	22	32	37	24	47	36	22	49	36	41	34	39	79	69	94	68	52
OTU_263	1	2	4	0	0	1	4	1	2	5	0	1	0	2	1	1	0	1
OTU_264	3	14	10	5	6	9	9	4	13	5	7	7	8	7	10	11	3	5
OTU_265	65	69	46	33	43	52	84	51	50	52	89	79	65	62	84	73	77	105
OTU_266	66	89	33	92	115	165	25	35	55	44	62	56	80	116	62	55	62	44
OTU_267	8	12	17	32	36	12	5	4	4	5	8	3	9	16	6	4	13	19
OTU_268	66	106	145	180	144	142	64	46	77	71	87	53	86	141	85	112	166	58
OTU_269	184	195	306	233	220	212	246	144	144	162	181	201	150	175	229	158	155	200
OTU_270	7	6	3	4	2	5	15	5	14	6	23	9	4	5	5	8	9	14
OTU_271	79	42	132	37	20	42	77	31	46	49	80	63	62	55	80	75	52	93
OTU_272	8	6	4	5	10	9	16	5	9	5	6	10	7	2	7	5	3	9
OTU_273	4	3	1	1	1	4	6	1	5	7	4	5	1	4	6	5	2	4
OTU_274	1	2	0	1	0	0	1	0	1	2	3	3	2	0	1	0	3	5
OTU_275	25	43	13	25	16	24	36	31	21	30	28	38	24	33	22	26	25	21
OTU_276	9	7	5	14	3	7	21	7	18	9	33	7	16	6	11	7	8	15
OTU_277	48	52	35	66	23	53	59	48	36	43	41	62	34	25	41	36	29	43
OTU_278	5	0	0	2	3	4	0	5	3	2	6	8	0	0	2	7	0	1
OTU_279	2	4	6	0	7	5	25	15	7	10	9	8	8	4	23	3	6	4
OTU_28	1	0	0	1	1	1	3	2	3	1	5	4	1	6	7	1	0	3
OTU_280	6	1	2	2	4	2	0	2	0	2	1	3	2	2	4	4	4	3
OTU_281	8	15	6	20	8	9	7	9	9	9	12	11	16	23	20	24	20	15
OTU_282	5	15	28	8	1	14	12	5	16	13	13	16	7	8	18	13	3	14
OTU_283	17	23	3	6	6	6	21	3	9	8	7	20	7	8	8	8	9	7
OTU_284	3	0	0	0	0	0	0	1	0	0	2	0	0	1	3	1	2	1
OTU_285	3	2	2	1	0	2	5	1	2	2	4	2	5	0	2	2	0	5
OTU_287	1	1	0	1	1	0	3	3	5	0	4	4	0	0	3	0	2	4
OTU_288	4	0	0	0	0	4	3	0	0	1	2	1	1	2	2	1	2	1
OTU_289	6	1	2	0	0	0	1	0	0	1	5	2	6	1	0	0	0	4
OTU_29	3	5	3	0	0	1	5	3	5	4	1	6	0	2	9	2	1	4
OTU_292	19	11	9	9	6	24	22	9	18	7	12	21	19	14	35	13	15	20
OTU_294	4	1	1	2	0	1	4	1	3	1	3	2	1	2	1	2	1	4
OTU_297	7	8	0	8	3	4	16	7	7	9	6	9	8	8	5	4	13	6
OTU_298	46	37	10	17	30	33	39	16	27	19	36	32	42	40	50	37	52	47
OTU_299	10	8	6	9	7	8	22	12	12	13	18	13	12	13	17	13	11	9
OTU_3	2	2	0	2	1	0	3	1	0	2	1	0	3	1	2	3	2	1
OTU_300	3	0	3	0	0	0	3	2	1	2	1	0	1	0	0	1	4	1
OTU_301	22	24	52	8	4	24	31	17	22	17	22	27	15	10	18	21	14	23
OTU_302	5	4	1	1	1	5	12	2	5	1	1	5	6	1	2	4	6	9
OTU_303	4	0	2	0	0	5	1	0	4	3	0	6	8	0	0	2	0	3
OTU_304	4	9	11	2	0	3	3	3	5	5	1	11	1	11	8	9	4	8
OTU_305	1	2	2	1	1	1	8	2	2	3	6	3	4	2	5	1	1	1
OTU_306	11	6	13	13	23	13	3	3	21	14	8	3	23	20	8	14	22	14
OTU_307	6	1	1	1	1	1	0	3	0	2	0	1	1	2	3	5	1	1
OTU_308	4	8	9	8	13	5	3	7	7	7	9	10	12	10	7	17	6	8
OTU_309	6	2	1	4	3	6	3	3	1	5	2	3	4	0	3	2	7	3
OTU_310	18	12	4	6	3	9	11	13	8	7	15	17	13	6	3	5	5	9
OTU_312	3	1	1	6	6	3	4	6	6	4	5	6	4	4	5	7	5	6
OTU_314	17	15	10	2	21	10	13	90	14	12	33	18	5	8	1	15	29	41
OTU_315	0	1	1	0	2	0	1	1	3	1	2	0	2	1	5	3	0	0
OTU_317	3	5	3	1	2	2	5	1	3	6	4	5	2	11	5	4	6	12
OTU_318	3	5	3	4	8	6	3	7	4	0	4	6	3	4	5	2	1	4
OTU_319	1	1	13	6	1	21	0	0	2	7	4	6	2	10	2	4	0	7
OTU_320	0	5	2	1	0	0	0	0	0	0	1	0	2	0	2	0	1	0
OTU_321	0	2	0	0	0	0	1	0	3	0	0	1	0	6	2	1	2	2
OTU_322	5	3	5	8	2	1	12	7	3	3	6	4	7	7	8	9	5	4
OTU_325	15	12	24	11	18	10	21	14	13	11	17	10	25	9	11	36	12	11
OTU_326	0	2	0	1	2	0	6	2	1	1	2	0	2	0	0	0	0	3
OTU_328	0	2	2	0	2	2	2	2	2	0	4	3	2	6	2	4	3	7
OTU_329	8	6	21	9	7	11	4	31	8	4	14	2	2	2	4	8	4	20
OTU_33	1	1	0	1	1	2	13	2	4	2	3	4	5	3	5	1	2	1
OTU_330	2	4	3	2	0	4	6	2	6	1	4	8	3	0	1	0	3	7
OTU_331	0	0	1	0	0	0	2	4	3	1	0	3	3	0	0	0	0	2
OTU_332	0	0	1	1	3	2	1	1	2	3	5	1	4	5	4	2	0	3
OTU_333	16	16	9	11	17	13	22	24	17	18	11	42	14	10	13	10	9	16
OTU_334	25	28	38	13	23	29	29	22	18	17	12	15	17	9	51	28	7	26
OTU_335	0	0	4	3	2	0	1	4	0	0	5	1	0	11	5	2	4	4
OTU_336	0	0	0	4	0	3	0	1	0	5	0	1	0	0	0	3	0	0
OTU_337	1	0	0	1	0	3	2	2	1	1	5	0	1	3	2	1	2	1
OTU_338	78	78	99	111	109	125	74	78	71	74	108	63	76	76	81	149	121	106
OTU_339	0	0	1	0	3	0	0	0	2	1	2	3	2	1	0	0	0	1
OTU_340	0	0	0	0	1	0	3	2	1	3	1	4	4	4	5	0	1	1
OTU_341	0	0	0	0	0	0	4	0	5	0	4	4	0	2	5	1	2	1
OTU_342	0	0	1	0	1	0	3	1	2	3	1	5	4	0	3	2	2	1
OTU_343	0	0	0	0	0	0	1	0	0	0	0	0	0	0	1	8	0	0
OTU_344	1	2	1	0	0	1	6	8	3	2	6	12	5	2	1	1	0	0
OTU_345	0	0	0	0	0	2	2	2	1	2	1	1	0	0	1	1	1	0
OTU_346	0	0	0	0	0	0	1	0	0	0	0	0	0	0	0	16	0	0
OTU_347	29	17	12	31	29	28	18	16	19	15	26	20	15	29	19	24	24	16
OTU_348	69	26	97	101	80	71	28	36	130	80	53	66	73	123	92	97	80	95
OTU_349	77	53	87	53	51	66	109	68	100	98	56	174	38	29	49	60	28	76
OTU_35	3	8	8	1	0	2	1	9	2	4	3	3	1	1	5	1	6	3
OTU_350	20	23	21	13	12	19	25	59	31	36	43	47	25	22	33	64	28	43
OTU_351	9	12	2	9	27	13	15	10	10	12	6	17	2	6	23	51	3	21
OTU_352	2	11	2	2	0	2	5	0	6	1	2	6	3	2	9	6	2	8
OTU_353	42	35	63	55	56	41	26	19	22	13	39	23	32	23	33	27	27	34
OTU_354	2	4	2	6	4	3	4	4	1	10	3	5	5	9	4	2	6	7
OTU_355	7	1	6	2	3	2	6	5	2	3	10	6	3	3	6	5	3	0
OTU_356	74	67	188	127	123	100	80	52	95	69	80	126	53	253	92	281	77	93
OTU_358	21	30	42	22	22	23	10	36	8	21	22	14	15	7	30	37	20	19
OTU_359	11	19	8	10	12	5	21	22	11	16	14	17	12	4	16	5	7	10
OTU_360	21	3	2	0	0	1	4	3	2	5	4	16	26	0	11	1	0	2
OTU_361	51	9	11	19	17	22	25	12	12	24	17	42	12	8	28	21	24	36
OTU_362	1	1	0	0	0	1	3	3	1	1	0	3	3	0	1	3	0	3
OTU_363	1	0	3	0	0	2	1	1	1	0	1	3	4	0	2	2	0	3
OTU_364	17	43	0	3	52	66	3	74	7	10	15	6	3	48	50	17	2	4
OTU_365	21	2	1	20	2	2	175	26	40	138	1	30	0	1	2	1	1	5
OTU_366	114	107	109	153	95	105	76	55	121	65	78	101	92	99	111	96	80	90
OTU_367	44	52	70	81	88	74	31	29	73	32	37	24	42	47	43	39	44	42
OTU_368	42	51	40	65	59	48	54	40	33	46	40	42	34	29	60	76	35	48
OTU_369	23	24	92	91	81	53	53	113	41	47	157	77	76	66	46	66	250	302
OTU_371	3	1	0	1	0	0	0	0	1	0	1	2	0	0	2	0	0	0
OTU_372	126	178	91	92	57	94	269	186	145	145	153	193	148	134	206	154	99	160
OTU_373	117	246	185	174	120	123	144	191	154	142	146	125	132	159	187	145	127	167
OTU_374	15	11	38	42	112	28	27	28	28	41	30	15	45	117	36	15	49	17
OTU_375	13	6	1	8	6	16	17	6	2	10	9	12	4	13	8	5	4	10
OTU_376	35	29	37	30	50	42	32	29	49	29	30	25	54	33	46	49	38	66
OTU_377	40	24	19	36	26	27	32	16	50	38	51	34	45	20	57	32	32	56
OTU_378	6	5	2	2	4	7	11	7	8	7	8	18	12	8	7	2	6	7
OTU_379	15	22	11	24	8	25	32	16	13	15	32	25	23	12	14	15	16	19
OTU_38	607	582	656	471	220	405	432	723	1877	1015	602	613	805	823	697	1635	637	664
OTU_380	2	0	0	0	0	0	5	1	0	2	2	3	0	0	1	0	1	2
OTU_381	13	11	10	11	8	9	13	2	6	6	19	17	8	6	9	19	8	12
OTU_382	9	5	13	5	4	10	8	6	4	5	3	6	4	4	3	7	5	10
OTU_383	13	40	64	110	142	29	71	40	34	71	46	31	61	135	73	68	60	39
OTU_384	46	50	38	89	71	58	44	40	75	45	71	60	37	56	53	50	49	46
OTU_385	10	2	7	10	5	4	23	9	22	12	23	17	29	14	18	14	7	17
OTU_386	18	13	20	21	17	13	15	15	17	12	26	21	15	15	15	10	18	7
OTU_388	1	0	1	0	1	0	0	0	0	0	0	1	0	1	4	1	1	2
OTU_389	190	170	65	102	81	140	643	266	342	376	193	716	96	39	105	71	65	105
OTU_390	18	27	31	36	31	33	38	20	21	23	36	22	17	33	35	33	34	29
OTU_391	5	3	0	8	0	3	5	2	4	1	4	7	3	1	8	6	3	4
OTU_393	41	61	22	19	31	90	39	37	23	35	122	78	27	60	42	41	18	53
OTU_394	8	5	7	8	8	9	7	4	2	5	10	7	4	9	4	6	8	7
OTU_395	49	32	35	29	15	41	63	40	43	46	54	70	37	31	47	22	48	49
OTU_396	2	1	1	3	1	0	1	0	2	0	3	0	0	0	0	1	0	1
OTU_397	76	139	119	106	57	71	85	137	87	75	95	80	90	85	106	127	95	133
OTU_398	15	5	2	12	13	8	16	10	6	10	24	21	24	22	12	25	16	24
OTU_399	4	2	4	1	5	2	2	1	3	2	3	5	1	0	4	0	2	3
OTU_4	0	0	0	6	0	0	1	2	3	0	0	0	0	0	0	0	0	0
OTU_40	0	1	0	0	1	0	1	0	2	3	0	2	1	1	0	3	0	1
OTU_400	24	27	10	14	13	31	29	21	28	15	18	22	12	18	13	13	10	16
OTU_401	1	2	3	1	0	1	1	3	2	2	0	0	1	0	2	1	0	1
OTU_402	4	2	0	3	2	3	4	0	5	8	23	6	4	2	7	9	14	5
OTU_403	198	90	110	168	224	422	96	149	127	178	276	172	113	84	214	131	144	139
OTU_404	3	4	1	7	4	1	10	6	4	7	4	54	0	3	4	3	2	8
OTU_405	4	0	0	0	0	0	4	0	2	0	4	4	3	0	2	2	1	2
OTU_406	1	1	4	9	1	3	4	1	5	3	4	4	3	7	3	4	5	10
OTU_407	24	27	48	49	110	30	26	22	19	39	104	45	23	18	51	43	65	60
OTU_408	5	7	10	7	3	2	37	26	32	24	21	16	26	32	27	25	17	16
OTU_409	6	1	8	5	1	9	3	5	5	3	2	6	2	4	11	2	5	2
OTU_41	1	3	1	4	0	4	6	2	2	3	5	9	3	8	8	4	7	11
OTU_410	1	4	2	6	2	3	4	2	4	3	2	4	2	5	3	5	6	4
OTU_411	3	3	6	1	0	3	2	2	2	1	2	2	1	0	0	0	2	2
OTU_412	19	25	43	29	93	33	23	27	23	34	24	23	39	68	18	17	34	25
OTU_413	11	11	5	8	15	32	11	13	11	11	15	11	7	2	12	9	5	15
OTU_414	1	4	1	3	9	3	0	4	2	0	3	1	1	1	1	1	0	0
OTU_415	10	16	16	8	3	9	24	15	22	21	26	25	20	21	21	13	19	35
OTU_416	1	1	0	1	0	2	4	0	2	3	5	11	0	2	8	1	1	3
OTU_417	1	1	0	2	0	0	1	2	0	1	6	0	1	4	1	1	3	1
OTU_418	3	3	17	13	15	4	16	10	11	13	10	8	6	12	13	10	17	7
OTU_419	1	1	0	3	0	3	1	0	0	0	3	1	4	0	3	5	0	2
OTU_42	286	289	528	288	150	231	208	282	667	341	264	228	476	419	330	394	862	390
OTU_420	2	4	0	1	1	0	9	1	8	1	1	5	2	3	2	0	0	2
OTU_421	2	1	3	1	0	0	0	0	0	4	1	0	1	1	1	0	2	0
OTU_422	22	17	33	8	14	31	41	10	20	12	11	9	13	10	11	39	9	18
OTU_425	5	3	5	14	5	3	3	6	4	2	2	4	3	8	7	7	4	5
OTU_426	3	1	2	4	2	5	5	3	3	2	4	5	4	3	0	4	0	2
OTU_427	11	3	4	10	3	26	7	8	3	4	20	11	4	3	7	6	3	7
OTU_429	3	1	2	0	3	1	2	1	3	2	5	3	2	3	4	7	8	5
OTU_43	0	0	0	1	1	1	3	1	0	1	1	0	0	1	1	2	0	1
OTU_430	2	2	4	5	14	1	1	0	2	2	1	2	6	15	2	1	3	5
OTU_431	5	5	14	11	11	5	9	5	4	8	6	4	9	13	8	11	11	7
OTU_432	2	0	2	0	1	1	3	1	4	2	2	6	2	0	3	2	3	0
OTU_433	4	1	3	2	2	1	3	2	3	1	1	1	0	2	2	1	1	2
OTU_434	8	8	14	5	13	13	12	9	6	6	12	5	13	6	9	4	5	7
OTU_435	15	7	5	14	3	7	10	9	15	5	9	11	3	2	6	6	12	7
OTU_436	54	40	20	36	28	40	47	27	50	38	34	48	27	21	46	25	36	22
OTU_437	4	13	35	16	24	11	5	9	5	14	8	2	9	11	4	7	8	10
OTU_438	16	28	9	26	4	4	8	43	27	10	18	26	6	2	16	16	9	21
OTU_44	1	0	2	1	1	0	5	0	2	5	2	3	1	1	1	2	2	7
OTU_440	4	0	1	2	1	1	3	3	2	2	1	2	0	1	2	3	5	0
OTU_441	22	64	17	70	6	57	22	20	21	21	27	16	20	27	34	21	13	17
OTU_442	14	6	13	15	14	12	5	6	8	7	11	5	9	14	12	8	11	20
OTU_443	9	4	1	1	2	1	6	2	2	4	2	3	6	2	4	3	0	1
OTU_444	12	6	6	3	6	7	5	9	6	7	2	4	7	1	9	3	8	9
OTU_445	2	6	3	3	2	3	4	2	5	2	5	3	4	11	15	10	5	7
OTU_446	3	1	11	0	0	0	1	0	0	0	0	1	4	2	2	3	2	5
OTU_447	3	4	4	3	9	6	0	6	3	2	2	1	8	8	0	2	7	4
OTU_448	3	2	1	6	4	0	9	4	4	11	3	2	10	14	3	1	7	3
OTU_449	1	1	1	1	0	2	2	1	1	2	1	1	2	5	2	3	1	4
OTU_45	0	0	0	1	0	0	5	2	1	2	1	3	2	1	0	1	0	0
OTU_450	0	1	4	0	0	3	4	0	1	0	5	0	1	4	3	0	0	8
OTU_451	0	1	1	0	2	1	1	0	0	1	0	0	0	5	3	1	1	0
OTU_452	0	3	1	0	0	1	0	0	1	0	0	2	2	0	1	1	1	0
OTU_453	1	7	0	4	0	0	1	0	1	1	1	1	0	2	2	3	0	2
OTU_454	2	3	0	2	0	3	1	1	0	3	0	0	2	0	1	0	1	1
OTU_455	0	3	2	1	0	2	0	8	5	2	5	6	2	6	5	2	5	2
OTU_456	2	2	1	1	1	4	4	0	0	0	2	1	0	4	1	8	3	0
OTU_459	0	1	0	0	0	0	0	0	0	0	0	0	0	0	1	0	0	8
OTU_460	3	6	3	3	0	0	5	6	5	5	5	8	4	4	2	7	3	10
OTU_461	1	1	5	3	12	8	6	3	6	3	1	4	9	6	5	7	6	4
OTU_462	0	4	0	3	0	2	4	0	3	6	2	3	1	0	5	5	1	2
OTU_463	0	1	1	0	2	0	3	15	1	0	3	4	0	0	1	0	0	1
OTU_465	1	3	0	0	0	1	6	0	2	2	1	2	0	0	2	2	0	0
OTU_467	3	2	0	5	0	2	3	1	3	3	1	2	1	3	2	0	3	0
OTU_468	1	6	3	2	4	6	8	3	1	1	3	5	5	3	5	0	5	2
OTU_469	0	7	0	8	3	9	8	2	1	1	4	2	3	1	3	1	1	1
OTU_47	16	6	0	11	1	6	14	4	2	5	11	10	5	2	5	6	1	7
OTU_470	0	0	1	2	0	0	1	0	1	2	2	1	5	1	0	1	0	0
OTU_472	0	0	38	0	0	0	0	0	0	1	0	0	0	0	2	0	0	0
OTU_473	0	0	1	4	8	2	3	0	1	1	0	0	1	2	1	1	4	1
OTU_474	3	5	3	5	9	3	6	1	5	3	4	2	1	4	5	1	5	5
OTU_475	0	1	1	1	0	0	3	0	2	1	3	7	0	3	2	1	0	0
OTU_476	0	0	40	0	0	0	0	0	0	0	0	0	0	0	1	0	0	0
OTU_477	1	1	1	1	0	4	1	0	0	2	3	4	1	0	0	0	0	1
OTU_478	0	0	2	0	0	0	5	2	1	3	2	0	1	0	1	1	4	0
OTU_479	0	0	1	0	0	4	0	0	0	0	0	2	0	0	35	1	0	1
OTU_480	0	0	0	2	1	2	0	1	0	3	0	0	0	0	4	1	0	0
OTU_481	0	0	0	1	0	0	4	0	1	4	0	1	0	0	3	1	0	0
OTU_482	1	5	2	2	3	4	7	2	7	3	3	0	3	4	6	3	3	3
OTU_484	0	1	0	0	2	1	3	3	0	1	2	0	0	0	2	1	3	1
OTU_485	0	0	0	0	4	1	0	1	1	0	3	1	1	0	2	2	1	1
OTU_486	1	2	3	4	1	2	1	12	4	8	2	35	1	2	2	1	3	0
OTU_487	2	0	0	0	0	1	0	1	1	2	0	1	3	0	2	1	2	0
OTU_489	1	0	0	5	0	26	0	0	0	1	0	4	0	0	0	3	0	0
OTU_49	4	0	0	1	0	0	1	3	0	1	1	2	2	1	2	1	1	2
OTU_490	0	0	0	0	0	12	0	1	0	2	1	1	2	0	0	0	0	3
OTU_491	0	0	0	0	0	2	1	7	1	3	2	0	1	1	4	0	1	0
OTU_492	2	4	2	3	4	3	7	3	1	1	1	3	3	3	8	2	1	4
OTU_493	2	0	0	0	0	0	0	8	0	12	29	1	0	0	0	0	0	0
OTU_494	0	1	1	0	0	2	3	3	5	2	2	10	5	1	2	5	1	3
OTU_495	0	1	0	0	0	0	0	0	0	5	0	0	0	0	3	5	0	2
OTU_496	0	0	0	0	0	0	0	0	0	0	0	0	0	1	9	0	0	0
OTU_497	55	126	178	120	33	63	90	104	75	81	91	71	79	113	86	132	61	139
OTU_498	1	2	0	0	2	2	9	6	6	0	2	7	3	2	7	2	1	1
OTU_499	53	31	64	24	26	29	34	29	18	23	23	25	31	30	22	35	35	22
OTU_5	1	0	0	0	1	3	2	1	1	3	0	3	4	5	4	1	0	1
OTU_50	1	1	1	1	3	0	1	0	1	1	0	1	1	0	0	1	0	0
OTU_500	142	110	198	65	38	74	166	103	103	126	147	159	96	128	175	117	76	191
OTU_501	135	164	175	210	169	182	134	88	115	94	89	153	64	100	99	111	99	109
OTU_502	49	27	60	51	118	63	43	41	73	82	47	45	113	84	47	64	81	68
OTU_503	12	14	8	15	7	14	13	23	12	6	17	15	17	12	9	13	6	10
OTU_504	9	4	0	0	2	5	3	2	1	1	2	3	2	0	6	7	1	2
OTU_506	22	21	23	7	7	10	28	38	27	25	11	25	26	10	27	10	11	8
OTU_507	18	11	7	7	4	28	22	4	9	5	10	11	6	3	7	3	6	10
OTU_508	104	119	95	101	47	41	137	83	68	54	97	110	79	63	76	57	25	100
OTU_509	15	27	8	27	11	15	13	29	15	19	13	19	30	17	22	14	16	26
OTU_510	2	1	3	2	1	4	4	1	5	2	4	3	2	2	2	4	1	2
OTU_511	34	73	37	41	25	39	46	66	43	45	47	54	70	46	52	55	55	51
OTU_512	22	21	11	17	15	22	34	16	28	16	34	30	25	22	26	85	24	32
OTU_513	4	4	1	0	1	3	8	0	9	7	6	2	6	7	2	2	5	3
OTU_514	2	2	0	0	0	1	2	1	1	2	1	3	1	4	1	3	3	1
OTU_515	1	11	9	12	10	6	1	5	9	0	1	4	4	16	0	1	1	5
OTU_517	6	8	1	2	1	3	8	4	6	11	5	3	2	1	3	3	6	5
OTU_518	29	38	78	3	14	18	9	39	10	26	17	17	62	8	45	37	10	31
OTU_52	1	1	0	28	0	1	1	8	1	0	1	1	2	2	1	0	2	1
OTU_520	4	9	12	5	2	14	6	21	2	3	3	5	2	0	4	3	2	5
OTU_521	5	3	4	0	1	6	7	7	1	3	7	5	3	1	7	3	4	3
OTU_522	4	1	13	0	1	2	11	1	7	1	1	3	3	15	6	5	8	2
OTU_523	7	7	9	8	7	11	5	6	6	4	4	10	9	8	12	5	8	6
OTU_524	7	1	0	3	3	3	9	7	13	9	5	5	18	12	15	11	6	7
OTU_525	5	2	5	3	4	3	7	3	2	2	3	6	2	5	3	1	1	6
OTU_526	6	6	6	3	2	4	13	15	13	4	6	9	11	1	7	6	0	3
OTU_527	2	0	0	0	0	1	1	2	2	0	0	2	0	0	0	0	0	6
OTU_528	4	9	1	1	3	5	4	2	2	4	4	6	2	2	2	3	3	4
OTU_529	25	12	18	29	8	21	36	23	26	22	34	24	24	27	36	20	13	35
OTU_53	1067	1914	803	1347	1058	1064	1250	1596	1342	938	1233	1004	2287	2505	1695	1972	1434	1540
OTU_530	10	4	4	7	2	2	8	5	3	2	3	4	8	4	6	5	14	6
OTU_531	24	49	25	36	24	22	36	40	27	29	37	33	44	35	37	34	31	42
OTU_534	6	7	3	7	2	6	6	5	5	5	8	6	8	4	8	5	10	2
OTU_535	71	60	62	26	15	27	26	32	21	29	19	21	16	14	23	34	37	21
OTU_536	16	18	39	44	22	24	4	21	3	17	15	14	14	6	30	14	12	14
OTU_537	25	42	31	20	8	15	85	37	67	29	35	32	25	34	38	37	38	47
OTU_538	6	10	8	4	2	3	24	9	13	9	9	7	16	8	13	6	5	3
OTU_539	75	102	23	1212	543	45	103	141	75	180	85	112	298	51	118	168	96	213
OTU_54	4	5	1	1	0	4	8	38	16	20	4	17	7	7	0	6	3	8
OTU_541	43	93	81	67	28	21	57	49	54	31	40	56	58	36	140	47	33	58
OTU_542	25	58	43	67	25	43	46	78	51	37	57	54	50	52	52	47	43	38
OTU_543	15	13	9	10	5	6	34	26	22	16	27	24	20	19	18	13	13	27
OTU_545	3	3	0	2	0	4	1	4	3	0	4	7	2	2	5	3	3	1
OTU_546	2	2	1	1	0	1	7	3	0	3	1	1	1	1	3	0	0	0
OTU_547	4	9	2	8	6	5	18	13	6	6	14	11	3	8	7	12	9	6
OTU_548	4	12	9	8	9	9	2	6	13	6	9	6	7	10	9	6	10	9
OTU_549	7	12	7	13	13	11	8	18	6	9	9	6	9	9	6	5	18	6
OTU_55	5	13	7	9	6	8	14	13	5	7	12	7	10	6	14	5	6	8
OTU_550	3	4	0	0	1	10	2	4	1	2	4	4	0	0	1	1	0	1
OTU_551	4	2	0	0	2	9	10	9	11	16	3	3	0	4	41	6	0	23
OTU_552	88	113	114	130	116	114	111	79	80	83	251	89	97	113	119	96	82	125
OTU_553	1	2	0	0	0	0	3	3	0	0	0	2	1	2	4	0	0	1
OTU_554	41	55	52	57	100	65	168	249	100	567	141	503	30	26	47	50	192	94
OTU_555	4	9	5	1	2	7	39	17	13	5	20	35	21	20	30	26	8	8
OTU_556	8	5	2	4	5	5	7	4	9	8	6	4	10	6	7	6	8	6
OTU_557	8	9	4	4	5	8	12	19	18	11	9	17	13	8	14	3	5	15
OTU_56	31	54	106	81	40	37	41	48	54	24	41	37	48	54	63	50	46	46
OTU_560	5	5	3	2	1	1	20	12	13	8	18	8	6	8	6	6	5	8
OTU_561	3	12	2	3	1	2	8	4	4	3	4	6	1	1	5	4	3	1
OTU_562	1	2	11	0	3	2	10	10	11	4	14	16	11	16	5	12	8	3
OTU_563	5	8	2	4	2	5	5	1	2	3	6	4	3	4	1	1	3	6
OTU_564	10	15	4	12	6	7	5	14	8	8	10	14	20	10	7	7	12	6
OTU_565	1	0	0	0	0	0	2	0	0	1	0	2	1	0	0	1	1	4
OTU_568	7	7	0	706	1	0	86	160	8	32	3	30	8	1	2	5	4	2
OTU_569	3	5	0	1	0	0	2	2	4	0	1	0	1	1	0	4	0	0
OTU_570	4	6	0	1	2	1	12	6	7	7	4	4	3	1	7	3	2	8
OTU_571	3	0	0	1	0	2	4	3	2	1	1	0	0	0	0	0	4	4
OTU_572	3	3	1	1	2	1	3	0	3	1	3	2	1	1	3	0	2	4
OTU_573	2	1	3	3	1	3	5	2	0	1	6	4	1	0	3	4	4	5
OTU_574	2	0	2	1	2	0	2	0	1	0	1	1	0	1	2	0	7	1
OTU_575	8	10	7	14	6	6	12	5	6	9	14	14	8	8	8	3	9	7
OTU_576	2	3	1	2	0	3	7	3	4	1	2	2	2	1	4	1	2	2
OTU_577	10	9	14	12	7	3	35	29	24	44	16	7	7	23	23	13	17	15
OTU_58	4	1	0	23	0	1	5	1	0	1	0	0	3	6	2	0	1	1
OTU_580	11	5	0	0	4	4	7	7	10	5	1	6	1	2	2	3	0	11
OTU_581	37	4	11	12	34	7	11	90	187	99	14	7	96	15	37	13	8	34
OTU_582	6	3	2	2	0	5	8	5	4	3	9	8	4	1	2	2	6	2
OTU_583	4	3	0	5	18	15	3	6	2	1	1	13	8	0	2	11	0	2
OTU_584	37	44	87	30	7	32	55	33	31	32	33	57	18	18	45	27	45	52
OTU_585	289	399	1228	590	105	160	534	420	436	307	418	271	550	227	511	420	260	1018
OTU_586	109	192	201	154	32	80	140	142	128	92	93	133	131	66	127	98	69	194
OTU_587	0	6	3	1	4	4	14	6	12	14	14	23	12	10	24	14	10	4
OTU_588	16	21	4	5	0	83	19	9	19	12	11	64	5	3	11	27	4	145
OTU_589	0	1	0	0	0	0	18	13	0	0	0	4	10	2	1	1	0	0
OTU_59	3	0	0	0	0	0	1	2	3	1	3	2	2	1	2	2	1	1
OTU_590	45	110	197	41	172	185	1249	834	773	378	1046	1465	1456	1417	1095	717	1591	388
OTU_591	722	1183	739	827	368	961	613	860	1163	712	894	701	1021	679	866	787	1322	904
OTU_592	0	4	4	5	3	8	8	8	5	5	4	13	7	7	6	6	5	12
OTU_593	0	2	3	4	6	4	1	3	1	3	0	3	7	5	3	0	4	1
OTU_594	2	5	5	2	1	1	16	9	8	5	10	8	10	7	3	4	5	4
OTU_596	0	2	0	1	0	0	2	0	2	2	1	3	0	2	1	1	0	1
OTU_598	26	38	28	29	26	28	33	45	23	19	34	36	37	35	29	24	27	30
OTU_599	0	1	0	0	1	0	8	5	6	2	10	7	3	2	3	4	2	2
OTU_60	2	2	0	7	2	8	2	1	5	3	7	5	2	0	12	6	0	2
OTU_600	1	5	4	4	3	2	6	6	1	6	3	5	4	2	0	4	7	6
OTU_602	33	12	6	2	145	7	2	50	1	9	15	6	1	8	2	3	10	10
OTU_604	2	3	1	1	0	2	9	2	2	5	2	7	1	5	5	2	6	3
OTU_605	2	3	1	0	2	4	8	8	3	7	9	10	12	0	1	5	0	1
OTU_606	5	5	0	7	5	20	6	3	2	3	5	3	5	4	7	3	1	5
OTU_607	1	3	0	2	1	1	3	3	1	2	5	2	3	1	2	3	1	1
OTU_609	1	3	1	1	2	0	3	1	0	0	4	4	1	0	2	0	0	0
OTU_610	1	4	1	9	7	5	0	0	0	4	1	2	3	12	2	1	5	1
OTU_611	0	2	0	0	0	2	2	1	1	0	3	1	1	1	3	1	2	1
OTU_612	0	2	8	0	1	1	1	1	0	3	2	1	3	2	1	2	0	2
OTU_613	1	3	8	1	2	1	2	0	0	1	3	3	0	0	0	4	2	1
OTU_614	1	4	3	2	1	0	7	4	1	4	7	9	7	4	5	2	0	3
OTU_615	0	0	1	0	0	5	2	0	1	1	0	0	2	1	0	2	0	2
OTU_616	0	0	7	2	1	3	0	0	5	8	0	2	0	0	0	3	0	3
OTU_617	2	6	7	4	2	7	14	31	7	31	14	51	2	3	6	6	5	5
OTU_618	0	0	13	0	0	2	0	0	0	0	0	0	1	0	1	0	0	0
OTU_619	0	0	1	0	1	1	1	4	3	0	2	1	2	3	3	4	1	0
OTU_62	12	12	10	3	15	10	7	20	25	16	12	6	19	9	17	26	8	22
OTU_620	2	1	2	0	1	1	1	5	0	3	3	2	2	2	8	2	2	1
OTU_621	11	19	21	3	5	16	13	10	8	4	8	15	22	5	6	20	20	10
OTU_622	2	1	1	2	0	1	7	3	2	8	2	1	2	10	2	1	8	7
OTU_624	0	2	1	3	0	1	1	1	5	2	10	4	3	0	4	0	0	3
OTU_625	0	1	2	2	1	0	2	3	0	1	2	1	0	1	0	1	0	1
OTU_626	0	1	1	0	2	1	2	2	2	1	0	0	0	2	1	0	0	3
OTU_627	1	0	5	3	0	0	3	3	4	1	2	3	4	5	1	4	2	1
OTU_628	1	0	12	0	4	11	1	1	0	2	2	0	1	7	0	5	7	3
OTU_629	0	0	4	1	0	0	0	0	0	1	1	0	0	3	0	1	0	1
OTU_63	1	3	3	0	3	1	1	3	3	4	3	3	4	1	1	1	0	2
OTU_630	1	1	2	3	0	4	1	0	2	0	1	0	3	1	0	2	0	2
OTU_631	0	0	0	2	1	0	1	1	0	2	2	1	0	3	1	1	2	1
OTU_632	0	1	2	0	2	3	4	4	6	4	2	3	1	1	0	8	1	0
OTU_633	0	1	2	0	2	1	0	1	0	1	2	5	4	0	1	2	1	2
OTU_634	1	0	2	0	1	0	2	0	0	2	0	1	2	0	0	0	2	1
OTU_635	3	1	5	5	15	6	1	8	0	3	1	1	1	0	4	4	3	8
OTU_636	1	2	0	1	2	1	8	6	7	2	6	10	3	4	3	1	2	5
OTU_637	2	1	0	0	0	1	0	1	1	4	1	0	1	0	2	0	1	0
OTU_638	0	1	3	0	3	1	6	5	3	2	6	3	2	0	3	3	0	0
OTU_639	0	1	0	0	1	19	0	0	0	4	0	0	0	0	0	0	0	0
OTU_64	21	71	24	46	5	69	39	67	34	51	44	40	80	35	43	26	36	59
OTU_640	0	1	0	1	0	0	3	2	1	0	1	1	0	0	2	8	0	1
OTU_642	11	6	4	13	5	7	15	13	5	5	11	11	3	8	15	6	10	3
OTU_643	0	1	0	1	0	1	9	2	1	0	3	4	4	0	1	1	1	0
OTU_644	0	0	0	0	0	0	1	0	1	0	1	0	0	0	0	9	0	0
OTU_645	1	1	0	0	1	0	2	6	3	6	3	2	4	2	2	3	2	1
OTU_646	0	0	2	0	0	0	0	11	0	0	0	0	0	0	0	0	0	0
OTU_647	0	0	0	0	0	0	0	0	1	0	0	0	2	0	0	0	2	6
OTU_648	1	5	1	3	2	3	0	2	2	0	1	2	0	0	1	0	0	0
OTU_649	40	47	20	29	74	10	37	22	27	6	21	20	13	15	11	12	38	23
OTU_65	1	3	0	0	0	0	3	3	1	0	1	6	3	0	2	3	2	3
OTU_650	22	16	11	7	15	7	27	50	17	19	18	17	20	21	37	30	20	52
OTU_651	61	99	8	33	17	23	34	73	50	21	35	38	52	46	84	35	26	30
OTU_652	337	288	431	341	576	493	205	287	161	224	253	195	215	219	254	223	255	241
OTU_653	329	737	561	282	420	275	324	339	274	168	332	397	629	378	410	683	292	380
OTU_654	14	4	0	5	3	9	13	5	3	4	6	9	3	5	5	16	1	8
OTU_655	22	36	16	20	14	32	20	29	14	21	28	32	21	20	33	31	25	20
OTU_656	8	8	3	5	1	8	21	12	9	15	3	4	7	4	6	15	1	11
OTU_657	63	131	78	82	27	69	98	145	87	100	89	85	95	62	104	55	54	115
OTU_658	4	7	2	9	2	7	32	11	8	7	23	12	6	23	13	6	13	26
OTU_659	6	9	4	10	24	8	7	3	13	7	8	2	4	12	9	14	10	4
OTU_66	19	40	18	55	17	49	22	49	108	59	43	58	54	15	33	72	51	47
OTU_660	143	149	217	192	153	129	118	82	162	144	170	139	170	208	201	180	190	225
OTU_661	5	4	1	0	2	4	3	1	2	0	3	3	2	3	3	7	0	4
OTU_662	137	422	280	152	195	211	103	141	139	140	202	145	265	237	175	196	93	196
OTU_663	11	21	8	5	29	9	8	7	10	6	11	12	12	4	26	19	9	19
OTU_664	32	34	39	45	23	69	21	23	38	21	77	33	35	25	15	38	37	25
OTU_665	17	13	3	2	1	9	15	23	15	11	26	12	7	0	21	7	3	17
OTU_666	5	2	0	1	1	1	2	3	4	4	6	6	4	3	2	1	1	5
OTU_667	5	1	4	0	2	5	5	7	4	7	2	3	5	5	9	1	8	2
OTU_668	16	37	18	19	22	29	16	35	19	14	24	18	13	11	27	27	19	24
OTU_669	5	0	2	0	0	4	7	7	18	1	31	6	3	3	2	5	8	2
OTU_67	1	0	3	3	1	1	3	1	1	0	14	1	3	1	5	1	5	0
OTU_670	16	4	2	4	2	6	7	12	6	9	10	9	8	1	7	2	13	3
OTU_671	10	13	76	13	14	42	26	14	3	9	11	14	3	8	12	9	12	8
OTU_672	16	16	6	13	2	16	15	18	9	13	24	21	12	17	9	10	7	15
OTU_673	45	42	16	28	19	76	120	50	36	32	63	87	35	33	50	19	46	37
OTU_674	96	123	162	103	68	99	57	108	134	87	84	60	197	140	127	92	219	199
OTU_676	3	6	5	3	4	5	4	3	4	3	6	6	0	2	4	3	9	2
OTU_677	4	4	3	12	21	5	4	8	0	2	3	1	7	5	3	1	0	6
OTU_680	3	4	5	0	0	1	13	7	0	2	6	9	5	4	5	2	2	3
OTU_681	8	36	1	4	6	13	15	16	6	17	15	22	8	28	16	12	15	19
OTU_682	48	59	67	39	42	56	93	90	58	64	62	86	81	75	99	48	58	76
OTU_683	2	5	4	0	2	0	5	5	4	7	5	2	3	1	7	3	1	6
OTU_684	2	2	0	0	0	0	7	9	2	0	5	5	5	3	1	3	3	0
OTU_685	4	1	0	3	0	0	4	3	1	1	1	1	2	3	2	1	1	1
OTU_686	6	17	13	16	13	10	14	30	21	17	14	21	21	6	19	11	13	13
OTU_687	24	11	6	2	0	1	15	11	5	19	3	5	0	6	23	20	0	7
OTU_688	49	78	63	16	20	20	69	69	50	38	64	41	45	68	87	48	50	64
OTU_689	13	13	9	12	2	8	10	10	1	5	6	19	5	3	6	2	2	5
OTU_69	0	2	1	1	2	1	3	0	1	0	3	1	3	8	5	3	4	10
OTU_690	12	22	8	28	23	21	17	8	13	13	18	11	17	29	12	15	13	11
OTU_692	148	329	139	243	52	103	239	209	185	247	204	192	402	412	295	265	346	217
OTU_693	11	12	6	16	10	15	19	13	7	22	13	14	11	8	24	9	5	11
OTU_694	50	94	23	15	2	25	27	20	27	30	12	26	30	16	23	6	16	19
OTU_695	128	133	179	94	130	176	116	93	59	60	95	95	57	80	71	85	88	96
OTU_696	74	59	61	35	11	30	108	66	62	49	45	123	59	24	70	27	35	110
OTU_697	4	3	2	6	3	6	10	8	9	4	14	16	9	10	15	3	8	8
OTU_698	6	22	25	16	6	11	25	30	16	20	13	14	23	19	28	13	20	23
OTU_699	41	67	33	40	16	34	66	87	42	45	37	59	49	39	76	44	20	148
OTU_7	0	2	0	0	0	0	3	1	3	1	0	2	1	1	0	0	0	0
OTU_70	1	11	4	1	1	1	19	27	18	3	9	9	10	7	11	11	8	10
OTU_700	12	11	11	16	13	16	39	8	12	28	18	16	27	41	23	32	31	22
OTU_701	30	40	34	49	28	57	64	33	46	34	34	67	31	27	42	29	55	32
OTU_703	18	49	38	23	9	24	29	51	24	21	38	80	25	24	32	34	40	27
OTU_704	38	61	58	53	25	77	74	20	38	51	43	50	38	39	41	29	18	62
OTU_705	4	9	10	4	3	0	7	9	5	4	11	7	8	5	11	8	5	12
OTU_707	14	17	14	17	11	12	12	13	14	11	12	20	8	12	15	18	14	26
OTU_709	11	11	3	4	2	8	13	11	11	9	11	18	11	3	9	5	7	14
OTU_71	2	13	11	6	4	5	3	10	7	3	4	3	5	3	5	2	6	12
OTU_710	4	5	0	2	1	6	8	11	4	6	9	5	10	3	4	9	11	13
OTU_711	5	4	0	0	1	8	4	1	4	2	1	3	1	3	3	0	2	0
OTU_713	14	44	22	27	43	32	25	38	39	25	19	37	36	13	36	22	13	30
OTU_714	3	2	6	0	0	2	2	3	1	1	14	0	7	2	3	2	4	4
OTU_715	5	8	2	4	2	8	10	9	4	10	9	9	9	5	5	3	8	4
OTU_717	92	63	166	166	450	131	40	160	35	82	82	53	32	58	59	76	101	149
OTU_718	8	12	8	8	12	14	18	8	17	10	13	16	9	16	22	9	20	1
OTU_719	5	20	7	7	2	4	8	12	9	15	12	9	14	8	13	7	12	8
OTU_72	0	0	1	2	1	0	5	0	2	1	1	2	1	1	1	2	2	1
OTU_720	112	138	154	86	92	139	187	97	111	110	133	91	76	117	227	72	100	183
OTU_721	2	1	0	2	2	1	3	2	1	4	2	2	3	2	3	2	0	2
OTU_722	2	2	6	7	1	4	7	7	7	4	3	5	3	6	2	6	1	6
OTU_723	5	7	1	4	3	2	4	11	4	3	4	8	4	2	4	6	12	4
OTU_724	2	1	0	0	0	0	1	7	1	0	0	1	0	1	0	0	0	4
OTU_725	2	9	5	2	2	2	7	13	9	4	8	8	4	19	10	3	7	11
OTU_726	5	2	0	5	0	1	3	2	1	2	1	9	4	2	3	2	1	2
OTU_727	1	1	0	1	0	0	0	1	1	0	0	2	1	2	1	2	1	1
OTU_728	15	9	5	7	4	5	6	6	6	2	12	9	5	9	6	7	5	3
OTU_729	8	5	9	9	3	9	6	4	7	3	7	6	1	1	6	5	7	2
OTU_73	3	8	2	6	0	6	8	6	6	2	3	10	4	3	8	4	5	4
OTU_730	1	2	1	1	0	0	0	3	2	0	0	2	0	1	0	1	2	1
OTU_731	1	2	5	0	2	2	5	5	3	0	1	1	1	2	1	0	2	5
OTU_732	6	6	0	1	0	3	25	9	11	4	23	25	6	4	13	7	4	3
OTU_733	2	5	3	1	0	0	4	2	0	0	2	1	2	0	1	6	1	1
OTU_734	139	365	197	119	100	139	163	192	154	154	192	156	211	314	194	290	373	218
OTU_736	1	0	1	6	1	0	1	1	0	0	1	0	0	0	0	0	0	0
OTU_737	7	2	2	3	2	4	8	4	3	4	7	10	10	3	6	6	3	5
OTU_738	3	3	0	1	0	0	5	0	0	1	2	3	1	2	2	0	1	2
OTU_740	3	2	1	0	0	2	3	2	2	1	2	2	2	1	3	2	0	3
OTU_741	4	2	2	0	0	6	1	2	0	2	0	2	0	0	1	1	0	0
OTU_742	11	3	0	8	1	4	12	4	2	5	1	10	5	3	4	5	3	6
OTU_743	2	2	1	2	0	1	1	3	1	0	2	2	0	3	1	0	1	0
OTU_744	26	29	89	3	27	19	41	41	57	20	24	11	13	5	17	39	20	7
OTU_745	185	241	58	368	117	161	116	213	108	194	203	104	323	289	165	216	169	182
OTU_746	8	24	52	14	15	17	15	33	17	19	10	18	20	13	28	20	13	20
OTU_747	10	9	2	10	2	4	19	16	16	20	15	29	14	2	6	10	12	6
OTU_748	23	16	8	17	9	21	37	21	26	10	32	33	17	10	28	33	15	26
OTU_749	1	1	0	1	4	1	0	0	2	1	2	0	1	0	3	1	0	0
OTU_75	1	0	1	1	0	0	0	1	2	3	1	2	0	1	2	0	1	3
OTU_750	8	12	3	5	3	5	34	16	14	16	15	23	59	7	25	3	18	29
OTU_754	28	28	13	11	16	19	104	32	43	69	26	130	8	8	13	15	6	21
OTU_756	2	6	2	4	0	10	12	4	4	7	2	2	2	0	3	2	0	1
OTU_757	16	17	14	17	8	16	22	16	13	11	17	21	16	13	17	13	12	12
OTU_76	6	6	9	5	3	8	29	14	11	15	12	16	14	4	14	5	6	9
OTU_760	2	3	7	4	3	1	9	10	5	7	6	5	9	1	10	2	3	6
OTU_761	1	3	1	2	4	3	3	1	1	0	1	2	2	2	4	3	2	4
OTU_764	5	17	18	4	4	6	3	6	8	4	2	3	8	8	8	10	1	9
OTU_765	6	12	5	6	14	9	17	4	12	16	15	14	9	16	6	15	9	6
OTU_766	3	3	5	1	0	9	4	6	4	5	4	4	3	5	4	1	4	9
OTU_767	7	9	10	2	5	12	6	7	7	6	5	12	9	8	8	5	5	8
OTU_768	3	10	3	10	2	3	4	6	2	8	6	5	4	2	4	1	5	6
OTU_769	6	2	211	4	1	1	6	7	4	1	4	6	1	1	5	3	3	3
OTU_770	4	0	2	0	1	0	1	0	1	6	2	1	3	0	1	2	1	0
OTU_771	19	59	24	11	7	22	23	32	17	34	22	19	37	20	20	32	23	26
OTU_772	5	1	0	0	2	3	59	4	18	7	6	7	1	0	1	2	0	10
OTU_773	0	4	3	2	2	1	0	3	0	3	1	2	4	1	1	1	0	0
OTU_774	71	111	165	95	89	106	21	52	40	37	54	51	32	35	68	79	49	44
OTU_775	0	2	2	0	0	0	3	2	2	1	4	3	9	1	2	2	2	2
OTU_776	0	5	1	2	0	2	3	3	5	1	1	7	2	0	4	3	4	11
OTU_778	1	6	1	0	0	1	1	2	0	2	4	6	0	1	1	3	1	1
OTU_779	6	5	18	1	2	3	3	2	2	3	1	0	9	3	6	7	3	2
OTU_78	47	52	32	33	7	31	52	68	62	37	45	64	90	18	30	74	29	38
OTU_780	0	1	0	2	0	0	1	1	0	1	0	1	3	2	1	0	1	0
OTU_781	0	2	0	0	0	0	5	0	1	2	0	0	1	0	2	0	0	4
OTU_782	4	5	2	3	1	7	30	15	8	7	15	39	18	6	20	18	6	7
OTU_783	0	1	4	0	5	1	4	0	1	3	5	2	2	0	1	4	5	7
OTU_784	1	3	4	0	6	0	5	6	3	3	2	4	2	1	1	1	0	1
OTU_785	0	31	1	2	1	11	78	184	43	4	158	108	3	13	3	108	51	67
OTU_786	0	2	3	1	0	0	1	9	0	1	20	3	1	0	1	3	0	2
OTU_787	1	3	3	3	2	5	5	6	5	4	5	10	1	6	5	11	4	4
OTU_789	0	5	2	2	8	2	1	11	0	2	2	3	1	0	4	7	11	7
OTU_79	6	6	12	7	0	1	6	13	13	9	2	6	2	2	11	8	2	8
OTU_790	0	8	0	2	0	1	0	1	0	0	0	2	0	4	2	35	0	0
OTU_791	2	1	0	1	0	0	3	0	2	1	0	1	3	1	0	2	0	2
OTU_792	1	1	0	2	0	1	1	1	4	4	1	4	4	2	2	3	5	1
OTU_794	2	3	1	0	0	0	2	2	0	1	2	3	2	0	0	3	3	2
OTU_795	2	1	0	0	0	0	3	2	1	2	1	3	0	1	4	1	0	1
OTU_796	0	44	0	0	0	0	0	0	0	0	0	0	0	0	0	0	0	33
OTU_798	57	42	58	30	36	64	48	148	191	99	63	52	65	52	64	73	25	51
OTU_799	3	6	3	1	2	4	22	12	8	5	12	27	23	7	14	6	6	5
OTU_8	3	2	0	0	0	0	1	1	0	0	0	1	0	1	10	1	0	0
OTU_801	0	1	2	2	0	2	3	0	0	1	1	1	2	0	1	0	3	0
OTU_802	1	1	7	4	2	1	8	2	4	5	3	15	1	4	2	2	4	3
OTU_803	0	2	2	8	8	1	4	2	6	3	2	3	0	4	1	4	2	2
OTU_804	1	3	11	4	7	3	3	4	1	3	5	2	9	4	1	3	4	1
OTU_805	387	337	317	262	272	351	584	370	377	380	481	543	452	516	765	536	565	674
OTU_807	0	3	3	24	0	0	2	2	1	0	0	4	3	0	1	1	0	1
OTU_808	1	0	0	1	1	0	3	1	0	2	3	0	0	1	0	0	1	3
OTU_809	0	0	0	2	0	1	2	0	0	1	2	1	2	0	1	0	0	0
OTU_81	4	7	3	4	2	4	6	6	4	1	4	10	6	6	4	3	3	5
OTU_811	0	0	0	1	1	0	0	7	0	1	0	2	0	0	0	0	0	0
OTU_813	0	0	0	0	2	2	3	1	2	0	1	0	0	0	2	2	1	0
OTU_814	0	0	0	0	13	0	17	228	3	0	375	2	0	0	0	71	4	12
OTU_815	0	0	0	0	1	0	1	1	1	4	4	3	0	2	0	1	0	1
OTU_816	2	4	1	0	0	3	7	3	6	7	10	15	6	4	3	7	5	3
OTU_817	1	0	0	1	0	3	1	2	2	1	2	1	3	1	2	1	0	0
OTU_818	0	0	0	0	0	17	0	8	1	1	41	15	5	0	4	5	25	0
OTU_820	1	1	0	0	0	30	1	1	1	0	2	3	0	0	0	0	0	0
OTU_821	1	0	0	2	0	0	2	2	4	0	1	1	0	1	1	5	3	3
OTU_822	0	0	0	1	1	0	1	1	0	2	2	2	0	4	0	0	0	0
OTU_823	2	4	4	2	0	1	16	10	10	2	9	24	14	3	14	4	6	3
OTU_824	0	0	0	0	1	0	1	2	1	0	0	3	2	2	0	0	2	1
OTU_826	0	0	0	0	0	0	2	0	0	0	68	3	0	0	0	0	8	13
OTU_827	0	0	1	0	1	4	4	1	2	0	3	5	1	2	2	1	0	0
OTU_828	0	0	0	0	0	0	3	12	0	0	8	2	0	0	0	0	0	0
OTU_829	0	0	0	0	0	0	3	9	2	0	17	2	0	7	0	6	6	4
OTU_831	0	1	0	1	2	0	0	0	4	0	0	1	23	0	0	0	0	0
OTU_832	0	0	1	2	0	0	4	0	0	35	0	43	0	1	0	0	1	2
OTU_833	1	0	0	0	0	4	0	3	0	6	63	2	1	0	0	19	14	1
OTU_834	0	0	0	0	0	0	0	0	0	0	13	0	0	0	0	0	0	0
OTU_835	0	0	0	0	0	0	1	0	0	1	0	0	6	4	0	1	0	0
OTU_836	0	0	0	0	0	0	0	0	0	0	0	0	0	0	0	0	12	0
OTU_837	143	186	237	143	180	148	203	141	146	142	159	185	124	161	217	192	154	214
OTU_839	10	51	30	42	23	20	24	35	18	19	15	32	31	22	28	25	32	16
OTU_84	23	34	35	20	14	35	17	38	22	20	18	20	20	12	21	21	14	18
OTU_840	169	251	297	246	265	248	193	286	219	131	335	169	189	200	216	198	240	182
OTU_843	377	359	372	352	182	325	522	374	400	384	497	376	339	524	493	563	446	517
OTU_844	3	0	2	1	0	0	0	2	0	0	0	0	13	0	1	4	0	0
OTU_845	18	54	38	25	18	26	31	56	25	16	22	32	29	20	37	32	31	20
OTU_846	40	47	19	38	14	57	67	52	26	34	28	45	22	19	23	19	34	35
OTU_848	133	29	141	67	63	76	33	35	24	34	46	93	34	36	53	83	28	25
OTU_85	4	4	1	3	0	0	5	8	2	5	0	4	3	2	4	1	1	2
OTU_850	25	41	24	12	8	10	26	24	17	26	25	24	19	21	27	12	8	36
OTU_851	15	8	11	17	22	6	16	3	6	5	9	9	10	28	14	5	38	18
OTU_852	2	1	4	0	0	0	3	8	2	4	6	5	0	1	5	18	0	5
OTU_853	107	175	98	111	63	115	152	196	151	137	133	196	147	109	153	127	110	143
OTU_854	23	33	33	24	22	23	41	63	24	29	27	48	32	21	34	19	43	33
OTU_855	2	1	2	0	0	3	10	7	5	2	2	6	8	1	4	0	0	3
OTU_856	44	23	23	24	12	16	116	63	156	141	94	54	100	154	101	127	75	66
OTU_857	17	11	35	29	51	24	33	25	38	57	44	30	36	56	58	53	23	52
OTU_858	194	148	131	158	385	179	128	138	136	163	194	150	129	159	131	205	177	189
OTU_859	14	0	7	0	0	0	0	0	5	0	2	10	4	0	6	2	0	0
OTU_86	5	3	3	2	1	9	8	6	5	3	6	10	12	6	5	7	8	3
OTU_861	50	77	165	69	69	54	21	48	43	43	44	43	57	45	65	46	37	53
OTU_862	6	9	4	3	1	8	11	4	5	4	8	2	1	3	5	1	2	5
OTU_863	2	1	1	2	1	0	15	8	9	6	2	5	6	8	7	7	2	4
OTU_864	1815	1440	1748	1920	2780	2190	688	641	968	1023	1033	884	1353	1576	1266	1447	1249	1259
OTU_865	34	32	19	34	12	31	44	28	34	25	47	40	23	24	41	36	25	38
OTU_867	8	15	9	8	9	13	17	13	10	4	9	14	13	8	13	15	6	10
OTU_868	5	8	9	2	2	1	18	17	10	8	7	9	9	2	6	5	4	6
OTU_869	5	3	0	0	1	5	1	1	0	1	5	5	3	5	6	6	8	3
OTU_87	3	6	4	1	0	1	0	3	2	1	1	1	3	0	4	3	0	2
OTU_870	7	5	0	6	6	15	10	9	8	5	4	8	6	3	9	3	13	11
OTU_871	4	3	0	3	0	4	11	5	0	5	7	11	3	3	6	4	1	6
OTU_872	2	4	1	1	0	2	0	1	2	2	2	4	1	1	5	3	1	1
OTU_874	5	3	3	1	1	0	5	4	2	8	9	2	2	10	4	19	1	9
OTU_875	1	7	9	0	2	0	7	0	2	3	4	3	4	1	5	1	5	5
OTU_876	53	66	33	23	28	69	97	55	55	44	52	84	30	16	31	36	53	45
OTU_877	11	3	22	10	28	12	10	17	18	16	4	4	8	10	15	9	5	15
OTU_878	14	3	25	0	1	2	0	41	3	2	0	6	0	1	15	3	0	2
OTU_879	4	3	1	3	0	2	0	3	0	1	4	3	3	6	4	5	2	6
OTU_881	2	1	7	1	2	1	0	1	0	0	0	1	3	3	0	0	2	1
OTU_882	3	1	1	3	0	3	3	1	4	5	0	2	1	0	4	0	0	3
OTU_883	2	1	0	0	0	2	1	1	1	0	1	1	0	0	0	2	2	1
OTU_884	1	0	0	0	0	1	4	5	4	0	1	7	4	0	4	0	0	4
OTU_885	3	7	5	1	1	2	7	5	6	5	2	5	4	3	2	1	4	2
OTU_888	79	261	168	70	67	104	118	137	191	112	143	114	175	212	178	183	118	195
OTU_889	48	82	44	44	29	50	58	93	74	48	47	82	60	54	94	48	39	76
OTU_89	3	9	0	0	0	0	14	1	0	0	0	2	6	0	1	0	0	1
OTU_890	3	0	1	1	0	0	4	0	3	2	0	2	0	0	13	1	1	1
OTU_891	1	20	12	11	5	13	16	26	3	4	4	5	17	7	6	13	8	9
OTU_892	7	3	2	2	2	5	17	10	17	6	9	7	5	8	7	7	5	2
OTU_893	1	0	0	2	0	0	2	0	0	2	0	3	0	3	1	0	5	0
OTU_894	1	1	0	1	0	2	1	0	1	6	3	2	2	1	2	3	0	3
OTU_895	5	5	17	13	9	4	8	8	4	5	3	4	5	4	9	5	9	8
OTU_896	414	238	314	606	446	639	93	61	151	113	173	198	178	228	141	208	242	188
OTU_898	23	16	37	17	63	14	13	16	11	9	17	12	26	38	46	27	24	27
OTU_899	18	23	7	6	2	4	15	15	15	3	6	21	16	3	5	6	5	8
OTU_9	1	6	3	0	1	1	1	8	4	1	4	3	1	1	6	1	1	1
OTU_900	4	8	5	0	2	0	3	5	1	1	5	3	1	0	6	7	0	0
OTU_901	6	4	1	2	1	1	7	5	1	2	3	6	0	5	3	2	5	9
OTU_902	219	70	101	252	192	375	70	40	294	200	99	103	261	361	132	167	163	113
OTU_903	2	2	13	5	1	3	0	4	7	6	2	7	0	1	1	5	1	7
OTU_904	294	273	276	282	130	245	399	260	311	269	328	406	264	366	376	377	261	410
OTU_905	4	10	4	3	2	3	8	5	5	3	14	7	7	7	7	2	3	12
OTU_906	16	19	22	25	7	23	36	29	34	32	30	37	27	15	40	31	16	30
OTU_908	3	1	1	0	3	0	1	2	2	1	2	1	0	0	3	3	1	1
OTU_91	3	2	3	1	3	4	11	6	10	4	8	17	6	3	8	9	4	5
OTU_911	2	0	1	0	0	19	4	4	3	2	2	9	1	0	4	3	12	1
OTU_912	1	154	3	2	1	0	17	1	53	2	5	5	2	1	3	1	1	29
OTU_913	1	4	3	1	1	0	0	2	6	0	2	6	0	1	3	0	2	4
OTU_914	5	8	11	0	1	0	2	2	6	6	3	6	1	3	13	2	1	5
OTU_915	0	1	1	0	1	0	1	4	4	1	1	4	3	3	0	3	0	1
OTU_916	5	4	7	5	5	11	12	6	9	4	7	5	10	0	6	16	1	4
OTU_917	1	1	1	2	5	2	3	5	5	2	5	2	5	5	3	3	3	3
OTU_918	1	5	1	2	1	2	0	3	2	1	1	0	2	4	2	5	1	1
OTU_919	0	1	1	2	3	1	1	1	2	1	0	0	3	2	3	7	2	1
OTU_920	0	2	0	0	0	0	2	1	0	1	3	2	0	1	2	3	0	3
OTU_921	0	1	1	1	0	2	1	2	0	0	0	1	1	0	0	0	1	0
OTU_922	2	3	19	3	0	13	1	4	1	0	3	6	4	1	7	3	8	3
OTU_923	1	0	5	0	0	1	1	0	2	3	0	1	1	0	0	1	0	2
OTU_924	3	1	8	3	3	7	15	9	16	8	28	40	23	12	32	15	12	16
OTU_925	0	0	7	1	1	0	2	0	0	0	0	0	1	0	1	0	0	3
OTU_928	0	1	0	0	0	2	0	1	3	4	0	0	2	3	6	2	1	1
OTU_929	0	0	0	0	0	0	2	2	4	2	1	0	0	0	1	3	3	1
OTU_93	5	5	1	0	1	1	2	7	4	1	0	5	3	2	4	1	3	0
OTU_930	0	0	0	1	0	2	4	4	7	9	2	2	3	4	6	4	1	3
OTU_931	1	0	0	1	0	4	4	0	2	7	0	1	0	1	1	0	1	2
OTU_932	0	0	0	1	0	1	0	0	2	1	1	1	0	2	1	1	1	3
OTU_933	0	0	0	1	0	0	1	0	1	1	1	1	0	0	0	0	1	5
OTU_934	0	0	0	0	0	0	0	1	0	0	0	0	1	0	62	0	0	0
OTU_935	38	28	19	9	13	18	25	30	25	48	31	31	12	12	11	21	10	19
OTU_936	5	3	1	1	8	10	5	6	2	3	3	12	7	6	3	1	3	4
OTU_938	5	0	2	1	1	1	5	1	3	1	2	5	4	0	2	1	2	0
OTU_939	15	25	3	7	7	7	25	24	15	8	20	30	10	5	28	6	6	10
OTU_94	0	3	8	2	0	1	9	12	7	2	2	17	2	3	4	4	4	1
OTU_940	21	47	21	13	6	34	11	7	26	11	4	13	13	13	14	42	29	11
OTU_941	37	39	60	75	104	40	33	49	11	28	30	21	15	17	40	34	43	23
OTU_942	215	226	226	176	235	253	146	86	94	102	158	118	138	189	121	143	144	162
OTU_943	7	4	1	6	0	1	2	3	1	1	1	7	4	0	0	1	0	1
OTU_944	4	6	18	7	2	7	14	4	5	5	3	6	5	0	12	12	2	5
OTU_945	1	2	3	2	7	3	0	3	2	2	9	2	2	0	8	0	0	2
OTU_947	38	11	26	20	25	42	25	60	18	24	32	30	21	21	19	26	31	36
OTU_948	3	0	5	8	5	9	1	5	0	3	4	1	1	3	3	3	4	8
OTU_949	4	2	2	3	0	1	6	1	0	4	7	4	5	3	5	3	6	3
OTU_95	2	7	1	1	2	0	2	1	1	0	1	1	0	5	2	0	0	1
OTU_950	2	0	1	0	1	4	10	2	3	3	4	4	7	2	1	0	1	3
OTU_951	4	5	0	8	3	1	11	7	6	11	8	6	5	9	9	14	5	11
OTU_952	2	3	0	1	2	0	1	1	1	0	2	1	0	3	5	0	1	2
OTU_953	69	52	41	40	72	49	60	34	30	41	71	53	59	84	67	48	55	56
OTU_954	1	4	4	1	3	1	5	3	4	2	5	10	4	3	5	1	1	2
OTU_955	3	3	1	0	2	1	1	0	4	1	6	1	2	3	1	7	2	3
OTU_957	33	42	53	25	40	29	19	42	26	34	37	38	22	12	39	35	42	46
OTU_958	3	0	0	2	0	0	3	3	6	0	3	5	1	1	1	0	1	2
OTU_959	9	6	12	42	28	18	9	5	14	3	4	6	2	40	5	16	17	6
OTU_96	1	5	1	2	0	11	1	2	0	0	8	3	1	1	3	4	0	0
OTU_960	1	3	0	5	0	0	3	1	1	1	8	0	3	0	0	1	4	3
OTU_961	3	1	4	1	0	2	2	0	3	2	4	2	3	7	1	3	4	2
OTU_963	1	1	0	0	0	0	1	0	0	0	1	0	0	0	1	3	2	1
OTU_964	47	78	56	25	35	134	21	81	28	73	62	91	19	16	42	120	29	36
OTU_966	15	15	15	18	10	13	22	9	8	12	10	17	5	6	18	5	4	13
OTU_967	4	2	0	1	0	0	2	3	5	5	1	1	2	0	0	2	1	2
OTU_969	1	3	1	1	3	4	2	2	0	0	1	0	3	3	2	4	1	3
OTU_97	99	98	127	129	88	90	73	105	101	57	74	78	83	68	129	97	100	101
OTU_970	3	1	2	5	1	0	2	1	0	2	1	1	0	2	4	2	1	1
OTU_971	15	0	6	1	23	4	2	10	2	8	1	2	1	2	6	4	7	6
OTU_972	2	0	2	2	3	2	0	1	3	3	0	1	3	3	3	6	1	1
OTU_973	0	0	1	0	0	0	0	1	2	1	2	1	0	3	2	2	0	0
OTU_974	1	1	0	3	0	3	1	2	1	1	0	1	1	1	3	0	0	0
OTU_975	1	0	1	2	0	0	1	0	4	1	0	1	1	1	0	2	1	4
OTU_976	0	0	0	0	3	1	9	1	0	0	1	1	0	0	6	2	0	0
OTU_978	0	0	0	0	1	1	1	0	3	1	0	1	0	1	5	2	2	6
OTU_981	3	4	1	3	0	1	2	0	2	1	0	3	0	0	2	1	3	1
OTU_983	6	5	0	5	0	2	14	15	5	25	7	7	6	13	12	7	13	16
OTU_984	2	0	1	0	0	1	1	0	0	1	0	1	2	0	0	0	1	0
OTU_987	5	0	1	1	1	1	1	0	5	2	1	1	1	0	1	0	1	1
OTU_988	4	3	1	2	3	5	7	7	3	8	7	9	1	1	10	5	5	4
OTU_991	10	8	1	3	0	5	4	5	2	10	5	6	1	4	3	1	3	7
OTU_992	11	4	7	11	4	5	10	6	17	5	13	9	22	27	11	15	19	11
OTU_993	8	10	4	1	1	8	4	5	9	7	3	5	1	3	6	10	0	9
OTU_996	8	1	5	14	5	5	5	6	13	11	5	10	10	10	5	4	8	10
OTU_997	4	5	5	5	1	2	17	16	8	14	8	9	12	8	8	8	19	19
OTU_998	12	2	4	4	0	6	6	7	8	6	4	7	0	2	7	2	3	3
OTU_999	4	6	4	3	31	3	0	0	1	2	2	0	0	3	0	2	4	4
