OTUId	C5	C3	B5	C2	B1	A5	A4	A1	C4	A6	A3	A2	B3	C1	B6	C6	B4	B2
OTU_1229	3188	1470	2731	2758	7376	8536	9490	10493	1259	9753	10727	8930	4926	3777	4725	3006	1719	2759
OTU_11	0	1515	2	1432	5	4	130	4	496	12	365	1	81	1560	3	0	44	22
OTU_4	47	228	2339	6	828	734	1822	319	88	442	1770	157	3589	18	2344	63	4840	886
OTU_1	25450	24546	4002	25075	1635	16926	1101	1055	22939	14398	2441	1443	536	29886	6738	34849	830	873
OTU_38	14	20	1	66	58	0	6	51	15	0	15	52	8	111	4	18	1	153
OTU_114	7	194	5	197	5	44	350	2	86	38	829	3	60	132	10	20	108	0
OTU_52	0	3	9	7	29	15	18	95	2	6	122	32	48	9	9	0	28	163
OTU_6	2	0	1001	2	1429	451	1382	1689	1	1126	2409	2289	1160	10	644	5	768	587
OTU_5	568	1307	832	580	240	899	4859	1559	1015	808	2444	157	1132	790	236	526	1614	309
OTU_3	23	2	6153	11	12785	3723	40	3573	2	5219	96	8260	31	13	3167	5	11	3652
OTU_51	14	10	55	14	39	27	66	236	4	41	109	71	117	12	44	12	93	62
OTU_7	0	0	80	1	674	117	923	354	0	126	2036	278	787	4	170	0	5848	446
OTU_819	2126	1489	828	1468	1513	1183	1262	936	1615	2598	3535	1242	1056	1869	1088	1732	1677	345
OTU_606	1	1	4	0	5	39	144	1	0	17	556	1	82	0	8	0	24	1
OTU_214	528	1379	1419	215	2028	148	753	862	745	244	1576	124	2170	826	2677	705	2116	1428
OTU_21	10	295	31	14	51	136	716	1020	90	37	442	48	127	29	31	9	381	310
OTU_525	1	26	5	11	0	8	80	0	10	14	232	0	17	6	2	3	11	0
OTU_19	28	1310	41	161	0	42	374	55	353	25	232	1	262	132	26	68	378	37
OTU_1311	14	19	9	0	13	2	3	3	2	0	6	1	6	11	21	11	17	9
OTU_20	2	208	15	17	45	8	21	471	108	12	10	2451	12	11	28	4	19	521
OTU_2	8999	7821	6094	1189	9252	626	3086	2529	4630	971	6374	350	6817	5183	11809	11420	7748	4504
OTU_694	12	0	903	1	2049	708	5	636	0	1417	53	1808	3	3	542	1	8	265
OTU_13	0	1	35	0	9	151	644	5	0	52	2904	7	642	0	39	2	239	5
OTU_112	0	4	0	12	0	0	6	0	2	0	8	0	12	9	1	0	8	0
OTU_871	0	0	10	2	152	31	134	62	0	48	246	67	68	0	20	0	321	31
OTU_27	21	7	146	157	48	1	2	3	5	0	4	1	63	182	500	28	60	83
OTU_895	3	8	36	17	166	25	433	333	18	90	659	119	246	14	19	2	94	68
OTU_36	7	5	46	19	13	0	0	0	1	0	0	0	73	50	270	20	24	23
OTU_17	63	724	71	616	69	79	58	96	387	90	92	41	111	668	42	51	112	244
OTU_12	14	488	1	1031	1	21	549	0	112	19	1483	0	214	525	6	41	1237	0
OTU_22	359	123	306	16	76	88	162	230	39	189	260	125	89	10	305	399	120	32
OTU_700	0	0	21	2	328	16	1363	1603	0	31	648	111	567	5	17	0	512	1123
OTU_542	0	1	0	0	6	0	0	3	0	0	0	2	1	1	0	0	2	251
OTU_28	9	72	39	154	29	29	65	255	27	19	59	608	28	119	132	19	29	147
OTU_400	0	0	28	1	242	31	510	676	0	74	248	145	144	0	21	0	174	454
OTU_79	0	111	0	0	0	0	0	0	35	0	0	0	0	0	0	0	0	0
OTU_42	7	17	7	40	7	11	43	80	9	64	182	55	36	73	17	9	3	6
OTU_688	72	31	27	353	0	125	170	8	10	37	331	0	89	312	20	44	91	5
OTU_1297	6	148	15	121	1	119	1170	0	56	52	4833	0	2289	83	47	13	360	5
OTU_498	1	2	1	11	1	0	14	6	2	1	2	1	3	8	0	1	1	10
OTU_10	302	1362	1	1760	2	0	0	1	539	1	0	0	0	1740	7	255	0	4
OTU_1166	30	18	24	14	63	34	94	52	18	60	172	49	39	26	28	21	139	27
OTU_49	26	27	3	29	4	2	107	62	8	3	27	9	30	20	0	18	12	12
OTU_330	0	1	7	1	83	14	105	41	2	23	328	42	74	2	22	0	346	13
OTU_8	0	2	391	472	1093	829	181	177	0	192	61	391	17	561	1660	0	40	5778
OTU_1032	0	0	0	0	0	0	0	1	0	0	0	0	0	0	0	0	0	0
OTU_9	97	155	146	184	63	203	839	1744	124	196	1584	192	577	354	174	78	236	208
OTU_579	0	1	85	50	349	10	68	223	0	65	21	201	40	152	770	2	35	1099
OTU_37	0	87	0	138	17	1	26	43	101	0	75	13	34	145	1	0	20	11
OTU_45	188	1	0	15	0	2	0	1	1	0	0	0	0	6	0	208	0	0
OTU_735	183	110	179	137	526	492	786	797	82	612	842	625	221	244	270	180	153	300
OTU_743	32	49	32	67	28	32	29	41	48	46	54	40	22	76	44	55	21	9
OTU_15	198	775	158	368	33	56	398	183	599	76	270	56	487	468	189	247	348	30
OTU_1231	16	37	114	0	63	57	104	33	13	65	95	17	89	3	80	9	60	20
OTU_31	5	44	5	26	8	8	73	32	21	8	50	7	274	36	14	7	170	35
OTU_967	9	25	181	1	92	81	123	31	20	69	144	15	150	0	106	10	208	41
OTU_669	0	0	10	0	9	9	25	26	0	15	24	15	6	0	2	0	8	2
OTU_63	1	4	1	61	5	1	0	5	2	0	6	17	5	114	1	1	7	24
OTU_29	6	3	69	9	4	4	4	7	3	7	6	7	233	4	435	2	126	83
OTU_18	356	738	41	98	9	163	622	177	295	277	601	58	126	111	70	259	70	26
OTU_24	34	68	12	951	9	90	438	79	34	27	917	3	212	789	38	27	293	107
OTU_720	3	84	8	52	0	49	384	0	24	29	1195	0	88	47	13	9	60	0
OTU_47	0	12	1	128	0	0	138	1	5	0	30	0	19	185	0	0	13	0
OTU_74	4	23	0	28	0	2	5	2	23	3	8	0	10	60	5	7	15	1
OTU_44	14	26	11	111	8	4	32	5	35	7	41	5	22	97	23	27	50	12
OTU_23	107	408	21	70	8	43	496	83	344	97	514	45	116	72	30	65	120	10
OTU_1083	120	53	11	51	8	27	7	6	48	41	14	11	0	52	17	96	6	1
OTU_46	6	57	1	99	1	1	0	2	30	0	0	0	9	187	5	12	10	7
OTU_763	8	3	15	4	50	25	71	50	6	42	95	47	29	20	9	9	99	21
OTU_984	98	71	327	96	1091	325	227	627	73	627	244	1128	45	122	189	105	35	172
OTU_241	88	76	467	120	1811	358	960	981	45	841	1658	1658	399	121	290	76	616	283
OTU_93	52	1	9	0	0	1	0	0	0	2	0	0	0	0	4	66	0	0
OTU_125	0	6	14	13	657	14	34	93	3	16	27	452	9	39	103	3	13	313
OTU_465	25	1	92	11	296	123	74	748	0	118	60	435	14	15	100	20	36	381
OTU_267	0	0	1	0	0	0	18	0	0	0	27	0	4	1	0	0	2	0
OTU_324	28	36	24	11	24	6	17	13	22	12	20	3	4	24	25	31	18	16
OTU_729	8	15	20	50	116	78	103	56	12	32	200	99	59	47	61	7	138	61
OTU_89	0	0	0	0	2	0	0	0	0	0	0	0	0	0	0	0	0	124
OTU_14	6	36	150	13	411	310	674	1550	10	193	434	654	60	34	129	6	143	560
OTU_227	1	23	24	16	127	14	304	229	9	67	359	77	77	11	17	5	101	188
OTU_164	0	0	0	3	5	2	4	11	0	0	3	22	2	3	3	1	5	26
OTU_726	0	0	80	0	77	15	1	10	0	26	0	42	1	0	32	0	1	15
OTU_853	19	10	9	13	4	11	2	1	13	24	0	3	0	33	9	19	1	0
OTU_55	0	2	7	0	5	18	51	66	0	4	53	8	52	3	9	0	43	38
OTU_62	3	44	3	38	1	0	22	1	58	2	18	0	13	48	0	6	19	1
OTU_26	1	27	92	171	13	534	100	15	17	241	201	9	57	152	220	3	125	44
OTU_1068	0	0	0	0	8	0	0	10	0	0	1	7	0	0	0	0	1	33
OTU_43	67	111	0	73	0	0	5	1	86	0	5	0	16	105	0	75	6	0
OTU_1225	225	304	282	32	618	14	143	132	230	40	240	10	240	166	329	233	351	155
OTU_50	11	12	39	6	26	14	52	21	8	21	53	5	57	8	123	5	27	26
OTU_59	0	0	13	1	2	31	85	11	0	14	53	2	77	0	16	0	30	3
OTU_682	0	0	2	0	2	1	0	0	0	0	0	0	0	0	1	0	2	7
OTU_890	0	0	45	0	70	24	48	61	0	70	65	84	22	0	23	0	18	29
OTU_1111	0	0	0	0	0	1	29	0	0	0	87	0	37	0	0	0	21	0
OTU_567	83	675	38	399	0	31	452	68	176	20	104	0	67	455	9	127	239	19
OTU_25	45	295	4	158	33	2	123	112	188	4	108	5	223	249	12	32	189	169
OTU_1182	3	0	0	8	0	9	3	0	1	2	8	0	3	7	2	0	4	1
OTU_407	0	0	0	0	0	0	0	0	0	0	0	0	0	0	0	0	1	0
OTU_85	0	3	16	1	8	3	2	7	0	6	2	4	3	0	50	0	5	96
OTU_1016	9	18	72	1	52	42	93	24	16	38	98	21	132	2	74	6	90	13
OTU_336	14	9	8	14	29	27	37	31	6	51	34	44	15	17	18	12	11	10
OTU_16	1	14	725	0	607	83	45	648	16	414	58	553	58	2	584	0	13	132
OTU_34	0	0	32	1	29	4	3	341	1	7	15	55	19	6	123	1	17	378
OTU_252	2	38	0	7	8	4	2	48	34	3	5	187	0	12	4	1	0	14
OTU_1312	0	0	0	0	1	1	7	7	0	1	18	0	12	0	0	1	7	4
OTU_135	11	6	2	1	0	5	1	1	3	0	0	1	3	0	4	8	4	2
OTU_1165	0	0	0	0	4	0	0	1	0	0	0	0	1	1	5	1	7	5
OTU_48	2	8	0	150	4	1	1	89	2	0	1	31	1	164	1	5	0	9
OTU_1069	0	0	5	0	2	0	7	2	0	1	4	1	3	0	3	0	1	3
OTU_199	1	23	4	12	0	4	96	7	19	2	71	1	82	8	2	1	84	5
OTU_1148	13	9	2	5	1	5	0	0	6	3	1	1	0	6	1	13	1	1
OTU_918	19	51	46	4	78	5	26	18	36	2	41	2	25	25	46	35	46	38
OTU_750	1	0	1	0	10	6	4	23	0	8	4	15	1	0	3	2	0	13
OTU_715	0	0	5	1	48	5	58	22	0	12	82	50	21	6	3	3	99	10
OTU_658	0	0	23	0	24	4	0	19	0	16	3	19	1	0	10	0	0	4
OTU_514	34	33	30	33	63	53	70	63	22	80	144	67	27	64	35	50	36	15
OTU_71	0	3	15	1	15	1	8	5	0	1	3	1	47	3	33	2	50	25
OTU_439	0	0	0	0	5	1	23	0	0	2	29	5	2	0	0	0	15	1
OTU_851	6	80	0	145	0	1	37	0	37	4	81	0	2	55	1	15	49	0
OTU_1103	0	0	3	0	33	3	49	19	0	12	66	17	15	0	10	0	83	7
OTU_770	0	0	0	0	3	0	9	8	0	1	7	0	4	0	0	0	6	10
OTU_87	0	20	0	1	0	0	35	6	10	0	40	0	15	3	0	0	14	0
OTU_545	3	3	2	4	8	0	1	3	1	6	9	1	0	2	1	1	3	0
OTU_377	30	19	4	288	0	8	7	14	11	3	21	28	4	271	7	30	3	2
OTU_598	50	54	5	46	0	25	2	3	28	19	3	3	2	61	13	53	2	1
OTU_75	0	1	14	0	0	8	16	13	1	8	24	3	29	0	25	0	15	8
OTU_239	1	0	8	0	0	7	96	0	0	3	49	0	12	0	1	3	39	1
OTU_35	16	42	10	36	23	16	125	79	26	13	157	21	68	42	17	20	69	15
OTU_835	47	45	5	46	0	28	1	1	45	19	2	3	1	60	11	54	2	0
OTU_77	7	10	5	49	5	0	0	0	5	0	0	0	1	48	19	11	0	18
OTU_456	4	24	3	29	1	6	70	0	16	14	208	2	39	11	6	4	22	1
OTU_365	3	0	0	3	10	4	1	52	0	1	6	14	15	5	13	3	14	51
OTU_297	1	6	55	0	49	12	18	10	1	21	11	4	6	0	22	4	11	12
OTU_142	0	12	1	0	0	1	0	0	14	0	0	0	3	0	1	0	3	0
OTU_117	0	38	0	0	0	1	4	0	19	0	3	0	0	0	0	0	0	0
OTU_489	0	1	0	0	0	0	16	0	0	0	26	0	17	0	1	0	17	0
OTU_30	43	45	33	19	22	18	118	98	22	33	155	55	159	35	73	20	41	26
OTU_67	7	5	11	0	0	0	0	0	6	0	0	0	92	0	50	4	47	0
OTU_126	0	0	0	1	4	0	0	5	0	0	0	16	0	1	0	0	0	16
OTU_185	0	73	5	0	4	4	3	4	41	3	2	0	5	2	6	1	13	2
OTU_57	4	13	1	14	4	8	15	91	6	4	10	19	28	26	6	6	9	37
OTU_796	5	3	2	118	2	0	2	4	1	4	8	0	1	136	4	9	1	2
OTU_673	0	0	1	1	0	2	2	6	0	2	2	3	0	0	2	0	1	1
OTU_346	74	58	10	60	3	27	2	2	82	34	4	4	2	64	12	92	1	0
OTU_369	0	0	1	0	0	0	0	0	0	0	0	0	1	0	0	0	2	0
OTU_84	0	0	13	1	14	4	6	9	0	8	16	39	4	2	10	1	8	7
OTU_65	10	6	9	0	24	19	84	89	3	25	61	41	13	3	14	5	18	28
OTU_33	1	1	21	27	13	5	72	36	0	8	102	9	58	22	28	6	300	11
OTU_384	0	0	0	0	0	0	1	0	0	0	0	0	1	0	0	0	1	0
OTU_72	1	111	0	1	0	0	13	0	54	0	20	0	30	0	0	0	49	0
OTU_39	0	1	8	0	8	22	38	333	1	38	50	82	6	1	16	0	2	24
OTU_707	0	0	10	0	24	3	33	41	0	9	17	16	13	0	4	0	7	40
OTU_742	0	0	0	0	1	0	0	0	0	0	0	0	0	0	0	1	0	0
OTU_1047	0	0	4	25	15	5	5	10	1	5	1	22	2	19	31	0	3	52
OTU_53	68	56	17	0	0	5	106	1	18	12	16	0	14	0	7	66	24	1
OTU_88	3	2	20	3	10	9	13	13	0	21	40	29	12	1	37	1	5	10
OTU_881	0	2	0	1	0	0	2	0	2	1	4	0	1	2	0	0	1	0
OTU_1281	0	0	3	0	5	0	16	5	0	4	15	2	13	0	2	0	105	5
OTU_92	0	0	7	0	2	3	47	6	0	6	28	0	15	0	1	0	21	2
OTU_54	0	2	30	8	1	50	99	44	0	25	65	0	13	4	12	2	63	3
OTU_73	17	30	7	17	4	2	6	2	26	5	9	1	19	28	20	11	13	4
OTU_58	3	23	3	114	4	0	0	1	17	0	0	0	6	105	2	8	4	25
OTU_238	2	3	0	74	0	0	0	5	1	0	0	1	0	61	0	3	0	0
OTU_401	0	0	0	2	23	0	0	0	0	0	0	10	0	1	0	0	0	2
OTU_414	1	2	0	8	1	1	5	8	2	4	13	4	7	7	8	1	11	11
OTU_76	3	23	2	2	3	5	44	16	20	10	48	4	19	5	5	4	32	2
OTU_992	0	1	28	1	17	11	102	62	1	37	68	35	12	0	3	0	29	3
OTU_82	12	26	8	25	1	1	17	0	21	8	7	0	20	21	7	12	11	0
OTU_1275	2	2	14	0	16	14	25	4	4	6	23	1	25	0	26	1	44	6
OTU_41	6	193	0	127	0	0	0	0	129	0	0	0	0	135	1	3	0	0
OTU_123	19	220	8	77	0	3	108	15	66	3	28	0	8	58	3	17	63	2
OTU_618	12	13	60	9	161	21	27	42	10	107	113	116	25	13	36	5	41	22
OTU_1071	1	0	0	1	0	0	0	0	0	1	1	0	0	1	0	0	0	0
OTU_440	0	0	1	1	2	4	4	3	2	5	8	3	4	1	1	0	5	1
OTU_916	1	0	31	0	68	24	36	42	0	58	72	87	18	2	29	0	11	40
OTU_32	45	115	7	105	1	11	136	88	81	12	82	2	47	138	16	45	87	17
OTU_111	0	4	3	0	1	2	13	0	0	7	15	0	14	0	5	0	6	0
OTU_61	3	0	65	0	1	34	15	2	0	31	5	2	13	0	28	20	3	7
OTU_935	12	16	5	9	4	8	27	27	10	8	24	3	12	16	3	17	24	9
OTU_980	5	24	18	105	7	20	28	17	7	19	127	5	151	107	36	7	89	33
OTU_852	8	5	6	4	14	17	20	35	1	10	14	62	6	7	11	2	4	15
OTU_40	3	43	7	10	8	2	61	21	24	5	43	7	112	9	31	5	91	19
OTU_86	2	0	3	0	3	1	35	0	1	3	25	0	45	0	2	7	97	5
OTU_91	0	21	3	9	1	0	0	0	13	0	0	0	66	10	6	0	61	13
OTU_212	57	81	14	72	2	48	1	0	72	45	6	7	0	89	18	102	3	1
OTU_134	0	0	0	0	3	1	1	2	0	3	2	4	1	0	3	0	0	14
OTU_1255	0	0	0	2	0	0	1	1	1	0	0	0	0	1	0	2	1	0
OTU_651	0	0	0	0	0	0	1	0	0	0	0	0	0	0	0	0	0	0
OTU_118	0	0	3	0	3	2	0	2	0	1	5	6	3	1	6	0	8	11
OTU_500	0	0	0	0	0	0	3	0	0	0	4	0	22	0	0	0	2	0
OTU_838	0	0	0	0	0	0	0	0	0	0	0	0	0	1	0	0	0	0
OTU_78	1	21	3	25	1	4	11	2	9	2	12	1	11	33	9	3	13	3
OTU_68	13	15	4	133	5	7	0	10	9	1	1	2	1	151	5	17	1	11
OTU_1023	5	10	1	25	20	1	1	13	7	0	2	4	11	40	3	2	14	48
OTU_283	0	0	1	0	0	0	0	1	0	1	0	0	1	0	1	0	0	1
OTU_232	9	3	1	2	3	1	5	1	10	5	4	12	1	1	3	5	1	0
OTU_99	1	1	5	2	1	0	1	2	0	0	4	1	13	3	38	0	11	6
OTU_1310	0	1	4	1	7	2	20	3	0	3	68	0	9	0	1	0	12	0
OTU_56	0	1	12	0	11	3	48	11	0	3	25	0	78	1	17	0	113	6
OTU_717	5	3	5	1	2	1	5	2	7	6	7	0	4	2	1	4	2	0
OTU_537	0	0	0	0	0	0	0	0	0	0	0	0	1	0	0	0	0	0
OTU_306	0	0	0	0	1	0	0	0	0	0	0	0	1	0	1	0	0	0
OTU_477	0	0	0	0	1	0	0	4	0	0	1	0	3	0	3	1	1	4
OTU_1134	0	0	13	0	21	13	0	3	0	12	0	17	1	0	2	0	0	10
OTU_629	6	16	4	6	0	1	1	0	8	1	2	0	1	2	5	7	2	0
OTU_81	0	2	16	0	2	3	32	3	1	8	73	1	36	0	11	0	32	0
OTU_1185	0	0	0	9	16	0	0	22	0	0	2	13	3	12	4	0	4	33
OTU_1292	0	0	0	1	1	0	0	1	0	0	0	0	0	0	0	0	0	4
OTU_83	5	7	7	2	8	4	6	10	3	2	13	3	16	8	9	3	24	5
OTU_95	0	1	6	1	10	1	4	0	1	0	7	5	24	5	65	2	17	19
OTU_103	7	10	10	0	9	3	13	2	2	2	20	0	25	6	20	2	13	8
OTU_741	0	1	0	2	0	0	6	0	0	0	38	0	12	0	0	0	7	0
OTU_299	0	0	0	0	2	0	12	0	0	0	9	0	11	0	1	0	2	0
OTU_98	0	4	1	0	0	0	71	6	0	0	8	0	4	0	0	0	12	1
OTU_113	4	29	1	3	0	1	12	0	15	0	9	0	9	5	2	8	4	0
OTU_825	0	0	0	0	1	2	1	0	0	0	1	0	0	0	0	0	0	0
OTU_130	12	4	2	1	0	1	4	0	1	0	0	0	1	1	2	8	0	0
OTU_845	0	0	1	0	1	9	40	0	0	1	257	1	27	0	1	0	16	0
OTU_647	0	1	0	2	0	2	37	1	0	1	111	0	17	0	0	1	12	2
OTU_80	4	4	0	44	6	2	0	0	2	1	0	0	1	60	2	5	1	17
OTU_419	0	1	4	0	1	2	2	0	2	2	6	1	2	0	1	0	6	2
OTU_979	4	13	0	4	1	0	2	4	23	0	3	0	0	5	1	4	5	2
OTU_178	0	0	0	0	0	2	0	0	0	3	1	2	0	1	1	0	1	1
OTU_70	35	47	0	25	1	2	2	2	21	1	5	2	0	23	13	46	2	1
OTU_60	12	18	16	3	22	3	13	109	9	8	11	38	8	4	12	8	10	13
OTU_433	0	0	5	0	15	6	1	0	0	1	3	1	1	1	10	0	5	3
OTU_397	4	1	29	1	74	35	15	58	1	85	17	86	3	2	15	1	4	4
OTU_66	12	35	10	5	0	10	13	3	18	9	26	0	19	2	21	11	25	2
OTU_294	0	0	0	0	0	0	0	0	0	0	4	0	1	0	0	0	2	0
OTU_917	16	15	15	2	16	0	9	5	2	3	24	0	15	6	20	11	14	12
OTU_344	1	2	1	5	2	1	4	5	1	0	13	2	2	2	1	2	2	8
OTU_645	3	1	0	0	0	0	1	2	0	0	0	0	0	0	0	1	0	0
OTU_356	0	0	0	0	0	0	0	0	0	0	1	0	1	0	0	0	1	0
OTU_491	9	8	0	2	0	2	1	0	10	2	1	0	0	0	1	3	0	0
OTU_1181	0	0	3	0	10	1	6	7	0	1	0	3	0	6	25	0	0	47
OTU_555	0	0	1	0	3	2	7	14	0	3	4	6	0	0	0	0	1	1
OTU_224	0	0	1	0	0	0	0	1	0	0	0	1	3	0	1	0	4	0
OTU_1050	0	0	3	1	10	8	2	25	0	6	0	9	0	1	2	1	2	25
OTU_646	0	0	0	0	1	0	16	0	0	0	77	0	19	0	0	0	61	0
OTU_96	0	0	28	0	1	3	4	6	1	5	5	0	48	0	14	1	17	1
OTU_1289	0	7	0	1	0	0	0	0	3	0	0	0	0	0	0	0	0	0
OTU_108	0	1	0	25	8	0	0	0	1	0	0	0	13	43	1	1	13	8
OTU_883	0	0	4	1	105	7	63	51	0	16	99	43	13	1	9	0	112	19
OTU_276	0	2	1	0	0	0	1	0	1	0	0	0	5	0	1	0	1	2
OTU_518	1	5	10	0	2	6	6	1	2	12	2	1	0	0	3	5	0	1
OTU_1318	2	1	0	3	2	3	12	11	3	8	23	1	8	5	1	2	11	1
OTU_1227	0	0	8	8	17	1	0	1	0	1	0	2	0	7	30	0	1	9
OTU_413	5	8	0	1	0	1	1	16	6	1	1	4	0	1	0	2	1	2
OTU_1214	0	10	1	1	4	1	3	28	13	0	0	158	2	1	3	0	0	18
OTU_69	6	23	13	8	11	4	5	4	18	5	12	10	6	11	8	14	10	12
OTU_132	0	3	4	0	5	2	13	8	1	1	6	2	6	1	2	0	2	0
OTU_218	0	0	0	0	0	8	0	0	0	2	0	0	0	0	1	0	0	0
OTU_146	0	3	0	2	1	0	0	5	5	0	3	1	1	0	0	0	0	1
OTU_150	0	0	1	0	0	0	0	0	0	0	1	0	2	0	12	0	0	4
OTU_490	0	7	0	0	0	0	1	0	2	0	5	0	11	1	2	1	4	0
OTU_287	0	0	1	0	0	0	6	1	2	0	33	0	7	0	0	0	6	0
OTU_300	0	1	5	1	11	11	5	38	1	1	2	14	7	1	9	1	20	28
OTU_94	29	19	5	21	0	2	6	6	11	4	4	3	7	16	4	15	0	2
OTU_1073	0	0	0	0	0	0	0	0	0	0	2	0	0	0	0	0	0	0
OTU_133	8	6	0	3	7	1	14	3	1	0	3	0	5	12	3	4	7	1
OTU_1116	7	21	19	0	15	2	11	8	9	2	17	2	30	11	27	13	20	14
OTU_734	0	0	2	2	0	0	0	2	0	0	0	0	0	2	0	0	0	1
OTU_1331	0	0	0	0	1	0	0	0	0	0	0	0	0	0	0	0	0	0
OTU_375	0	0	0	0	1	0	0	0	0	1	0	0	0	0	0	0	0	0
OTU_127	0	2	1	0	7	0	2	2	0	0	3	1	11	5	3	1	6	15
OTU_1240	1	0	6	0	20	6	6	1	5	10	12	4	3	0	3	0	2	1
OTU_155	0	0	1	0	1	0	0	7	0	0	0	0	0	0	0	0	0	13
OTU_1117	0	0	2	0	8	3	2	9	0	5	2	11	1	0	1	0	4	16
OTU_531	39	28	1	4	0	7	17	2	30	17	5	2	1	3	0	10	2	0
OTU_151	0	0	11	1	1	0	1	0	0	0	1	0	7	1	2	0	4	1
OTU_548	2	6	1	8	0	0	1	9	4	1	1	1	0	5	0	1	1	4
OTU_507	0	0	0	0	0	0	0	0	0	0	0	0	0	0	2	0	1	1
OTU_1249	0	0	0	1	2	1	1	2	0	0	0	8	2	0	5	0	0	13
OTU_1075	0	0	1	1	0	0	0	0	0	0	0	1	0	0	0	0	0	1
OTU_761	8	3	3	1	4	0	1	1	2	1	4	0	3	3	8	11	2	1
OTU_90	12	62	0	5	0	0	0	0	30	0	0	0	0	2	0	21	0	0
OTU_230	0	0	0	0	1	0	2	6	0	0	0	1	0	0	0	0	1	1
OTU_642	13	9	11	12	31	18	30	44	7	33	42	24	12	21	10	13	5	11
OTU_949	0	0	0	2	0	0	0	0	0	0	0	1	0	4	0	0	0	0
OTU_973	1	0	1	1	3	3	3	1	1	1	3	4	1	3	2	1	3	0
OTU_131	0	0	2	0	8	4	3	7	1	2	11	2	4	1	6	0	2	3
OTU_64	3	77	2	19	0	1	10	3	45	0	18	2	27	14	8	6	20	0
OTU_177	0	0	0	0	0	0	0	3	0	0	0	0	3	0	2	0	5	3
OTU_1232	6	7	0	5	1	4	0	0	3	4	0	0	0	5	1	10	0	0
OTU_172	60	33	33	7	47	2	16	18	48	23	40	9	9	17	25	35	21	19
OTU_253	0	0	1	0	1	0	1	0	0	0	1	0	0	0	2	0	2	0
OTU_714	7	7	2	32	1	2	1	4	2	5	14	6	11	36	6	5	11	1
OTU_657	0	0	0	6	0	0	4	5	0	0	2	2	2	13	0	0	1	4
OTU_203	0	0	1	0	7	0	1	3	0	1	0	4	0	0	2	0	0	7
OTU_340	0	0	0	0	0	0	0	0	0	0	1	0	0	0	0	0	1	0
OTU_406	0	0	0	4	0	0	9	0	0	0	16	0	7	0	0	1	7	0
OTU_1058	0	0	1	0	1	0	0	0	0	0	0	0	0	0	0	0	0	3
OTU_1153	0	0	0	0	0	0	0	0	0	1	0	0	0	0	0	0	0	0
OTU_141	0	0	2	1	1	0	1	2	0	0	0	1	7	1	6	0	2	5
OTU_190	0	0	0	0	2	0	2	4	0	1	0	1	2	0	4	0	2	1
OTU_1018	8	4	0	11	0	8	3	0	9	4	3	0	0	16	4	13	0	0
OTU_783	0	5	1	2	1	0	1	0	11	0	12	3	4	3	2	1	4	15
OTU_149	0	0	1	1	3	0	1	2	0	1	0	1	6	0	8	0	5	7
OTU_138	0	9	0	0	0	0	0	0	4	0	0	0	11	0	0	0	7	0
OTU_655	0	0	1	0	2	0	4	3	1	1	1	1	1	0	0	0	0	0
OTU_478	0	0	1	2	3	0	0	3	0	3	0	1	1	3	4	0	0	4
OTU_242	35	40	35	13	7	42	19	98	20	37	38	13	19	34	62	27	12	25
OTU_1205	3	1	8	0	11	2	8	2	9	17	5	0	2	0	2	0	1	2
OTU_348	0	1	6	2	1	0	1	2	1	3	2	1	19	1	4	0	3	5
OTU_140	1	11	0	5	0	0	4	1	5	0	2	0	1	6	0	0	0	0
OTU_442	0	0	0	0	0	0	0	0	0	0	0	0	0	0	0	0	0	1
OTU_574	0	0	5	0	0	0	0	0	0	0	0	0	0	0	31	0	0	0
OTU_643	0	0	0	0	0	0	0	0	0	0	0	0	0	0	1	0	1	0
OTU_120	0	0	0	0	1	3	5	10	0	2	13	5	4	0	1	0	7	1
OTU_561	0	0	2	0	6	1	0	3	0	3	0	7	0	0	1	0	0	2
OTU_815	0	0	0	0	1	0	0	0	0	0	0	0	0	0	0	0	0	0
OTU_100	9	0	19	0	1	3	6	0	1	2	0	0	6	0	27	7	3	0
OTU_469	0	0	0	0	0	0	0	0	0	0	0	0	0	0	0	1	0	0
OTU_116	0	2	1	0	0	0	1	2	1	0	2	0	22	0	0	0	17	6
OTU_428	0	0	0	0	4	0	0	0	0	0	0	0	0	0	2	0	0	0
OTU_1053	0	0	0	0	0	0	0	1	0	0	0	0	0	0	0	0	0	0
OTU_894	0	4	0	0	2	1	7	3	2	0	3	0	6	0	4	1	3	3
OTU_650	0	2	4	1	2	1	2	0	1	0	0	0	0	2	2	0	3	1
OTU_115	10	29	0	0	0	0	0	0	3	0	0	0	0	0	2	11	0	0
OTU_143	0	0	0	0	1	0	0	9	0	0	0	7	0	3	0	0	0	0
OTU_882	0	0	1	0	2	0	3	1	0	1	0	1	0	0	10	0	0	2
OTU_1196	0	0	0	0	0	0	2	0	0	0	3	0	8	0	0	0	0	0
OTU_925	4	1	0	8	0	2	3	0	1	0	5	0	2	7	0	0	4	0
OTU_736	1	1	0	0	0	0	0	1	1	1	0	1	0	1	1	0	0	0
OTU_121	0	0	0	0	3	0	0	5	0	0	0	27	0	0	0	0	0	21
OTU_219	0	1	3	0	0	0	4	1	0	1	4	0	1	2	0	0	0	1
OTU_183	0	0	0	0	4	0	1	0	0	0	3	2	4	0	1	0	0	5
OTU_1072	0	0	0	0	0	0	0	0	0	1	0	0	1	0	0	0	0	0
OTU_272	0	0	0	0	1	0	1	0	0	0	1	0	1	0	2	0	0	0
OTU_389	11	0	0	1	1	0	1	1	6	1	1	0	0	0	1	2	0	0
OTU_198	0	0	0	0	0	0	0	4	0	0	0	3	0	0	0	0	0	11
OTU_275	0	1	0	0	0	1	0	0	1	0	0	0	1	3	0	0	0	0
OTU_1135	0	0	0	0	0	0	11	0	0	0	67	0	12	0	0	0	46	1
OTU_353	10	11	7	2	13	1	2	9	9	4	3	0	3	5	4	6	4	4
OTU_534	0	0	0	10	1	0	0	0	0	0	0	1	0	18	0	0	1	9
OTU_182	0	0	0	0	3	0	0	1	0	1	2	0	1	0	4	0	8	1
OTU_834	0	0	0	0	0	0	0	1	0	0	0	1	0	0	0	0	0	0
OTU_128	1	0	10	0	0	0	0	0	0	0	0	0	2	0	27	2	8	1
OTU_463	0	2	0	1	0	0	3	0	2	0	6	0	1	2	0	0	8	0
OTU_583	0	0	0	0	0	0	1	0	0	0	0	0	0	0	0	0	0	0
OTU_166	0	0	2	0	0	0	1	1	2	2	0	0	1	1	2	1	0	0
OTU_1180	0	0	0	0	0	0	1	0	0	0	0	0	0	0	0	0	0	0
OTU_391	0	0	0	0	0	0	0	0	0	0	0	0	0	0	1	0	0	4
OTU_280	0	0	0	0	1	0	3	0	0	0	1	0	1	0	0	1	2	0
OTU_273	0	0	0	1	2	1	0	0	0	0	0	0	0	0	3	0	0	0
OTU_1301	5	0	4	4	0	4	0	1	3	4	3	3	0	1	1	1	0	1
OTU_277	0	0	0	0	0	0	1	0	0	0	0	0	1	0	1	0	1	1
OTU_1136	0	0	2	1	0	0	0	2	0	0	0	1	1	1	3	0	0	0
OTU_758	0	0	1	0	0	0	0	0	0	0	0	0	0	0	0	0	0	0
OTU_139	0	1	4	2	1	0	2	3	4	0	2	0	8	1	35	1	13	9
OTU_167	0	0	8	0	1	0	1	1	0	0	1	1	8	0	7	0	3	2
OTU_799	0	0	1	1	2	0	11	2	0	0	23	2	6	0	0	0	24	0
OTU_109	2	4	2	4	1	1	0	1	3	1	0	1	24	4	9	3	11	10
OTU_910	0	0	0	1	0	0	16	0	0	0	64	0	3	0	0	0	79	0
OTU_470	4	11	18	2	8	15	11	3	11	16	13	3	15	0	14	2	10	5
OTU_188	1	0	1	0	0	0	2	1	0	0	7	0	2	0	1	1	2	0
OTU_206	0	0	0	2	0	0	2	0	0	0	0	0	2	2	0	0	0	1
OTU_1096	0	0	0	0	6	0	7	11	0	0	6	0	0	1	0	0	6	10
OTU_110	4	37	0	20	0	0	0	0	8	1	0	0	6	48	1	3	2	1
OTU_388	0	0	0	0	0	0	1	0	0	0	0	0	1	0	1	0	0	0
OTU_696	0	0	0	0	0	0	1	0	0	0	1	0	0	0	0	0	1	0
OTU_584	0	0	0	0	0	1	0	0	0	0	0	0	0	1	0	0	0	0
OTU_358	0	5	0	14	0	1	0	1	0	0	0	0	0	27	1	0	0	2
OTU_271	2	0	0	0	1	0	1	0	1	0	0	0	0	0	1	4	0	0
OTU_129	1	0	4	0	3	0	1	1	0	0	2	0	11	1	8	3	10	7
OTU_987	1	0	0	0	0	0	0	0	0	0	0	0	0	0	0	0	0	0
OTU_144	0	1	2	0	0	0	7	1	2	1	7	0	6	0	6	1	2	3
OTU_408	0	1	1	1	2	1	4	5	0	5	6	1	3	0	0	0	3	3
OTU_102	1	13	0	9	0	0	0	0	6	0	0	0	0	42	0	3	0	0
OTU_775	1	0	0	0	7	5	4	13	0	5	2	12	0	1	1	1	2	17
OTU_345	0	0	0	0	0	0	0	0	0	0	0	0	0	0	3	0	0	2
OTU_282	1	4	0	0	0	0	0	0	1	0	0	0	0	0	0	0	1	0
OTU_528	0	0	1	4	4	1	0	0	0	2	0	2	0	2	11	0	0	7
OTU_351	0	0	0	0	1	0	0	1	0	1	1	0	0	0	1	0	0	1
OTU_104	0	0	5	0	0	3	49	0	0	1	13	0	9	0	1	0	6	0
OTU_162	0	0	1	0	2	0	0	3	0	0	3	0	2	0	0	1	3	4
OTU_508	1	0	1	0	3	3	1	7	0	2	1	5	0	0	1	0	0	4
OTU_664	0	0	0	0	1	0	0	0	0	0	0	0	2	0	0	0	0	0
OTU_235	0	0	0	0	0	0	0	2	0	1	0	1	0	1	0	0	0	0
OTU_311	0	0	0	0	0	0	0	0	0	0	0	0	0	0	3	0	1	0
OTU_223	0	1	0	0	1	0	0	2	0	3	0	3	0	0	4	0	0	2
OTU_169	0	0	2	0	4	0	5	3	0	0	2	0	2	0	0	0	5	3
OTU_264	0	0	1	0	1	0	0	1	0	0	1	2	0	0	3	0	0	0
OTU_226	0	5	0	0	0	0	0	0	1	0	0	0	0	0	0	0	0	0
OTU_359	0	0	0	0	1	0	0	1	0	0	0	0	0	0	0	0	0	0
OTU_485	0	0	2	0	1	0	1	0	0	2	1	2	0	0	2	4	0	0
OTU_982	0	0	0	0	1	0	0	0	0	0	0	1	1	0	1	0	1	0
OTU_1258	1	2	0	2	0	0	1	0	1	0	1	0	1	0	0	1	0	0
OTU_569	2	0	0	3	0	10	4	1	1	0	2	0	1	2	5	4	1	0
OTU_538	1	0	0	0	0	0	0	0	0	0	0	0	1	0	0	4	0	0
OTU_471	0	0	0	0	0	0	0	0	0	0	0	0	0	0	0	0	0	1
OTU_124	0	0	1	2	0	0	1	15	0	0	3	16	0	5	1	0	1	6
OTU_1120	0	0	2	0	2	1	0	2	0	0	3	2	0	0	1	0	1	3
OTU_522	0	5	4	1	0	0	4	1	2	0	0	0	4	1	2	2	7	0
OTU_386	0	2	1	9	4	9	2	3	4	6	0	1	1	10	11	0	0	1
OTU_153	0	0	0	0	2	0	0	3	0	0	1	16	0	0	1	0	0	6
OTU_119	3	13	1	1	5	2	0	4	10	3	0	11	1	1	2	3	0	2
OTU_195	0	0	2	0	3	0	1	4	1	0	1	0	1	1	2	0	5	6
OTU_318	1	0	0	1	0	0	0	0	2	0	0	0	0	1	1	0	2	0
OTU_615	1	1	2	0	0	0	2	0	0	3	0	0	0	0	0	0	0	0
OTU_161	0	0	2	0	1	0	0	0	0	0	0	0	2	0	5	1	6	3
OTU_266	0	0	0	0	0	2	0	0	0	1	1	1	0	0	0	0	0	3
OTU_217	0	0	2	0	1	0	0	1	0	1	0	4	0	1	1	0	1	1
OTU_1175	0	0	2	0	8	0	0	8	0	0	0	3	0	0	0	0	0	6
OTU_325	0	0	0	0	0	0	0	0	0	0	0	0	0	0	1	0	1	1
OTU_529	1	0	0	0	0	0	0	0	0	0	0	0	0	0	0	2	0	0
OTU_654	0	1	0	0	0	0	0	0	0	0	0	0	1	0	1	0	0	0
OTU_904	0	1	9	9	9	0	0	0	0	1	0	0	0	3	25	0	2	6
OTU_269	0	0	0	2	0	0	0	0	0	0	0	2	1	4	0	0	0	1
OTU_209	0	0	0	0	7	0	0	6	0	0	0	12	0	1	2	0	0	7
OTU_505	0	1	0	12	0	1	4	0	2	1	18	0	1	14	1	1	2	0
OTU_844	0	1	0	0	0	0	0	0	0	0	0	0	0	0	1	0	0	1
OTU_173	1	2	1	2	0	0	0	0	0	0	0	0	0	3	1	1	2	4
OTU_933	0	0	0	0	0	0	0	0	0	0	0	0	0	0	0	0	0	1
OTU_582	0	0	0	0	0	0	0	0	0	0	0	1	0	0	0	0	0	0
OTU_639	31	6	0	5	0	0	0	0	15	2	0	0	0	8	1	17	0	0
OTU_814	3	2	0	0	0	1	6	3	1	3	5	0	1	1	0	0	1	0
OTU_993	0	1	3	0	0	1	0	2	1	3	0	7	0	0	1	0	0	0
OTU_1223	0	4	0	2	0	0	4	0	0	0	14	0	1	3	0	0	1	0
OTU_893	0	0	0	0	0	0	0	0	0	0	0	0	1	0	0	0	1	0
OTU_216	1	0	1	0	1	1	0	0	0	0	1	0	2	0	0	0	2	1
OTU_438	0	0	0	1	14	0	0	2	0	0	0	15	0	2	0	0	1	21
OTU_760	0	0	0	0	0	0	2	0	0	0	0	0	0	0	0	0	0	0
OTU_644	0	0	0	0	0	0	0	1	0	0	0	1	0	0	0	0	0	0
OTU_861	0	0	0	0	0	0	0	1	1	0	0	0	0	0	0	0	0	0
OTU_1168	0	0	0	0	0	0	4	0	0	0	6	0	0	0	0	0	1	0
OTU_1266	0	0	0	0	0	0	0	0	0	0	0	0	0	0	0	1	0	0
OTU_1228	4	0	0	0	0	1	2	3	1	3	2	3	3	1	1	1	0	1
OTU_863	0	0	8	0	18	6	0	5	0	4	0	10	0	0	6	0	0	12
OTU_184	0	0	0	0	2	0	0	2	0	2	2	1	0	0	5	0	1	2
OTU_101	0	0	0	34	0	0	0	0	0	0	0	0	0	36	0	0	0	9
OTU_192	0	0	1	0	1	0	1	0	0	0	0	0	3	0	0	0	2	2
OTU_105	0	0	3	4	3	2	3	11	0	0	3	3	4	3	1	1	25	35
OTU_1211	0	0	0	0	0	0	0	0	0	0	0	0	0	1	0	1	0	0
OTU_186	3	2	0	0	0	0	0	1	0	0	2	1	0	0	1	7	0	0
OTU_585	0	0	0	0	0	0	0	0	0	0	0	1	0	0	0	0	0	4
OTU_1091	0	0	5	0	14	4	0	3	0	2	0	7	0	0	2	0	0	6
OTU_361	0	0	0	0	0	1	0	0	0	0	1	0	0	0	0	0	0	1
OTU_247	0	0	0	0	1	1	0	0	0	0	1	0	1	0	1	0	1	0
OTU_210	0	0	0	1	0	0	1	1	0	0	0	0	1	0	1	0	2	3
OTU_291	0	0	0	0	0	0	0	1	0	0	0	2	0	0	0	0	0	2
OTU_244	0	0	0	0	0	1	0	1	0	0	2	0	0	1	0	0	1	0
OTU_616	0	0	0	0	0	0	0	0	0	0	0	0	0	0	0	0	0	1
OTU_107	0	0	8	4	0	0	0	0	2	0	0	0	4	4	25	0	8	8
OTU_716	0	0	0	0	0	0	0	0	0	0	0	0	2	0	0	0	1	0
OTU_1329	0	0	0	0	0	0	0	0	0	0	0	0	0	1	0	0	0	0
OTU_666	0	0	0	0	0	0	3	0	0	0	2	0	5	0	0	0	0	0
OTU_611	0	0	0	0	0	4	2	5	0	2	0	1	2	0	2	1	1	4
OTU_986	0	0	0	0	0	0	0	1	0	0	0	0	0	0	0	0	0	1
OTU_187	0	0	0	0	2	0	0	1	0	0	0	1	1	2	2	1	2	4
OTU_122	0	17	2	6	3	0	1	1	17	0	2	1	7	7	4	0	3	4
OTU_756	0	0	0	0	0	1	0	0	0	0	0	0	1	0	0	0	0	0
OTU_197	0	0	0	1	1	0	2	9	0	2	4	1	0	0	0	0	1	2
OTU_1141	1	1	0	0	0	0	2	0	0	0	2	0	0	0	0	0	0	0
OTU_932	0	0	0	0	0	0	0	0	0	0	1	0	0	0	0	0	0	0
OTU_208	0	0	0	0	2	1	1	2	0	0	0	1	1	0	0	0	1	1
OTU_474	0	0	0	0	1	1	0	0	0	0	0	0	0	0	0	0	0	0
OTU_1215	0	0	0	0	0	0	0	0	0	0	1	0	0	0	0	0	0	0
OTU_619	1	1	0	0	0	0	0	0	0	0	0	0	0	0	0	1	1	0
OTU_446	0	0	0	0	0	0	0	0	0	0	0	0	1	0	0	0	0	0
OTU_137	0	0	1	0	0	1	3	9	0	0	4	2	1	0	3	1	15	6
OTU_194	0	8	0	0	0	0	0	0	6	0	0	0	0	0	0	0	0	0
OTU_176	0	0	0	0	1	1	2	1	0	0	2	1	8	0	6	0	8	6
OTU_97	0	2	7	1	12	1	9	16	0	6	8	3	17	0	12	1	19	16
OTU_385	0	0	0	0	0	0	1	1	0	1	0	2	0	0	0	0	0	0
OTU_1171	0	0	0	0	0	0	0	0	0	0	0	0	0	0	0	0	1	0
OTU_148	0	1	0	0	0	3	3	0	0	6	1	0	1	0	2	0	4	2
OTU_1087	0	0	0	0	0	0	0	0	0	0	0	0	0	0	0	0	1	0
OTU_530	0	0	0	0	0	0	3	0	1	0	1	0	2	1	0	0	2	0
OTU_411	0	0	0	0	2	0	0	0	0	0	0	0	0	1	0	0	0	1
OTU_168	0	1	4	0	1	0	0	0	0	0	0	0	0	0	5	0	0	3
OTU_708	0	0	0	0	0	0	0	1	0	0	0	0	0	0	0	0	0	0
OTU_145	0	0	0	0	1	0	4	0	0	0	1	1	1	0	7	0	5	0
OTU_250	0	0	0	0	0	0	1	1	0	0	0	0	0	1	0	0	4	0
OTU_1043	0	0	0	0	0	0	0	0	0	0	0	0	0	0	0	1	0	0
OTU_846	0	0	0	0	0	0	0	1	0	0	0	0	0	0	0	0	0	0
OTU_899	4	0	4	0	1	3	3	5	0	3	2	0	4	1	2	0	3	1
OTU_200	3	1	0	2	0	0	0	0	0	0	0	0	1	4	1	7	0	0
OTU_1270	0	0	0	0	0	1	2	13	0	0	1	1	0	0	0	0	1	0
OTU_279	0	0	0	0	1	0	2	0	0	0	0	0	0	0	0	0	0	0
OTU_1326	0	0	0	0	0	0	0	0	0	0	0	0	0	0	0	0	0	2
OTU_1327	0	0	1	0	1	0	0	0	0	0	0	1	0	0	0	0	0	0
OTU_983	0	0	0	0	0	0	0	0	0	0	1	0	0	0	0	0	0	0
OTU_398	1	0	0	0	1	0	0	1	0	0	1	0	0	0	0	0	0	0
OTU_332	0	0	0	0	5	0	0	1	0	0	0	4	0	0	0	0	0	5
OTU_1022	0	0	0	0	0	0	0	3	0	0	0	2	0	0	1	0	0	0
OTU_637	0	0	2	0	3	2	1	0	0	0	2	1	2	0	6	0	9	4
OTU_1123	0	0	0	0	0	0	2	0	0	0	0	0	0	0	0	0	0	0
OTU_535	1	2	1	1	0	0	1	2	0	2	4	0	0	0	1	2	1	0
OTU_1099	0	0	0	0	0	2	1	1	0	0	0	0	0	2	0	0	0	0
OTU_248	0	1	0	0	0	0	0	0	0	0	0	0	1	0	0	0	3	1
OTU_617	1	0	0	0	0	0	0	0	0	0	0	0	0	0	0	0	0	0
OTU_1259	0	0	0	0	0	0	0	0	0	0	1	0	0	0	0	0	0	0
OTU_360	0	0	0	0	1	0	0	2	0	0	0	0	0	0	0	0	0	0
OTU_106	0	0	0	0	0	0	12	0	0	0	16	0	27	0	0	0	0	0
OTU_165	0	0	0	0	3	0	2	8	0	0	1	1	0	3	0	0	0	5
OTU_225	1	0	0	0	0	0	0	0	0	0	0	0	0	0	1	4	0	0
OTU_913	0	1	1	0	0	0	2	1	0	0	2	0	2	1	1	0	4	0
OTU_158	0	1	1	0	4	1	0	0	0	1	0	0	3	0	2	1	4	6
OTU_1006	0	0	0	0	0	0	2	0	0	2	7	0	1	0	0	0	0	0
OTU_580	0	0	1	0	1	0	0	0	0	0	1	0	2	0	1	0	1	1
OTU_220	0	0	0	0	0	0	0	10	0	0	0	0	0	0	0	0	0	1
OTU_957	0	0	0	0	1	0	0	0	0	0	0	0	0	0	0	0	0	3
OTU_689	0	0	0	0	0	0	0	0	0	1	0	0	0	0	0	0	0	0
OTU_524	0	0	2	0	14	1	0	0	0	2	0	2	0	0	5	0	0	4
OTU_953	0	0	1	0	0	0	0	0	0	0	0	0	1	0	0	0	0	0
OTU_357	0	2	0	0	1	1	1	7	0	3	2	8	0	0	1	2	0	4
OTU_196	0	0	1	0	0	3	1	1	0	0	0	0	2	0	0	0	1	1
OTU_549	0	0	0	0	0	0	0	0	0	0	0	0	0	0	2	0	0	1
OTU_503	0	0	1	0	0	1	1	0	0	0	5	0	1	0	0	0	0	0
OTU_1178	0	0	0	0	0	0	0	0	0	0	0	0	0	0	0	0	1	0
OTU_1109	0	0	0	0	2	0	4	1	0	0	1	0	2	0	0	0	12	1
OTU_221	0	0	0	0	1	0	0	1	0	0	1	2	1	0	0	0	0	2
OTU_1105	2	0	0	0	0	0	0	0	0	0	0	0	0	0	0	0	0	0
OTU_727	0	0	0	0	0	0	1	0	0	0	7	0	2	0	1	0	0	0
OTU_1097	0	0	0	0	0	0	0	0	0	0	1	0	0	0	0	0	0	0
OTU_354	0	0	0	0	1	0	0	2	0	0	1	3	0	1	0	0	0	0
OTU_1212	0	0	0	0	0	0	0	0	0	0	0	0	0	0	1	0	0	0
OTU_395	0	0	1	1	0	0	0	2	0	0	1	0	0	1	0	0	0	0
OTU_950	0	0	0	0	0	0	1	2	0	2	2	2	0	0	0	0	1	0
OTU_751	0	0	0	0	0	0	0	0	0	0	1	0	0	0	0	0	0	0
OTU_333	0	0	1	0	0	0	0	0	0	0	0	0	1	0	0	0	0	1
OTU_205	0	0	0	0	2	0	2	1	0	0	1	0	0	1	1	0	0	0
OTU_1206	0	0	3	0	6	1	1	5	0	3	2	35	0	0	0	1	1	2
OTU_723	0	0	0	0	0	0	0	0	0	0	0	0	0	0	1	1	0	1
OTU_499	0	0	0	0	0	0	0	0	0	0	0	0	0	0	0	0	0	1
OTU_380	0	0	0	0	0	0	0	1	0	0	0	1	2	0	0	0	0	0
OTU_985	0	1	0	0	0	0	0	0	0	0	0	0	0	0	0	0	0	0
OTU_251	0	0	0	0	0	0	0	0	0	0	1	0	0	0	2	0	3	0
OTU_922	0	0	0	0	0	1	3	1	0	0	1	0	0	0	0	0	0	0
OTU_1151	2	1	3	0	2	1	1	0	0	0	0	0	0	2	1	2	0	1
OTU_898	0	0	0	0	0	0	0	1	0	0	0	0	0	0	0	0	2	0
OTU_174	0	4	3	0	0	1	0	0	3	0	0	1	8	0	0	2	5	1
OTU_1086	0	0	0	0	0	0	0	0	0	0	0	1	0	0	0	0	0	0
OTU_316	0	0	0	0	0	0	0	0	0	0	0	0	1	0	0	0	1	1
OTU_1026	0	1	0	0	0	0	0	0	0	0	0	0	0	0	1	0	0	0
OTU_704	0	0	1	1	0	2	0	0	0	0	0	0	4	0	1	0	4	3
OTU_180	0	0	1	0	0	0	0	0	0	1	1	5	3	0	4	0	0	3
OTU_181	0	0	0	0	1	1	0	0	0	0	3	2	1	0	2	0	1	3
OTU_705	0	0	0	0	2	0	1	1	0	0	2	0	3	0	0	0	4	1
OTU_1216	0	0	0	0	0	0	0	0	0	0	0	0	0	0	0	0	0	1
OTU_157	3	1	0	3	0	0	1	7	0	0	0	3	1	5	0	0	0	0
OTU_1179	0	0	0	0	0	0	0	0	0	0	0	0	0	0	0	0	0	1
OTU_387	0	0	0	0	0	0	0	0	0	0	0	0	0	1	1	0	2	0
OTU_1019	0	0	0	0	1	0	0	0	0	0	0	0	0	0	0	0	0	0
OTU_563	0	0	0	0	0	0	0	0	0	0	0	0	2	0	0	0	1	1
OTU_204	0	0	1	1	0	2	0	0	0	0	0	0	0	0	4	0	1	0
OTU_626	0	2	0	0	0	0	1	0	2	0	0	0	0	0	0	0	0	0
OTU_771	1	0	0	0	0	0	0	0	0	1	1	0	0	0	0	0	0	0
OTU_236	0	0	0	0	0	1	0	0	0	0	0	1	1	0	1	0	0	1
OTU_698	0	0	0	0	0	0	0	1	0	0	0	0	0	0	0	0	0	0
OTU_1124	0	0	0	0	1	0	0	0	0	0	0	0	0	0	0	0	0	0
OTU_215	0	0	0	0	0	0	2	1	0	0	0	1	2	1	1	0	0	0
OTU_523	1	1	1	4	1	3	1	1	0	0	1	3	0	3	0	0	0	0
OTU_160	0	1	1	1	2	0	0	2	0	3	4	2	2	1	2	0	1	4
OTU_322	0	0	0	0	0	0	4	1	0	0	2	1	1	0	1	0	0	0
OTU_382	0	0	0	0	1	0	0	0	0	1	0	0	0	0	0	0	2	0
OTU_830	0	0	0	0	0	0	0	0	0	0	0	0	0	0	1	0	0	0
OTU_373	0	0	0	0	0	0	0	0	0	0	0	0	0	0	0	0	2	0
OTU_684	0	0	1	0	0	0	0	0	0	0	0	0	0	0	0	0	0	0
OTU_662	0	0	0	0	0	0	0	0	0	0	1	0	3	0	0	0	0	0
OTU_995	0	0	0	0	0	0	0	0	0	0	0	0	0	0	1	0	0	0
OTU_136	0	0	0	1	3	6	1	9	0	1	1	1	0	2	2	0	0	2
OTU_693	0	0	0	0	0	0	2	1	0	0	3	0	0	0	0	0	0	0
OTU_175	0	1	0	0	0	0	0	0	0	0	0	0	7	2	0	0	5	1
OTU_1074	0	0	0	0	0	0	0	0	0	0	0	0	0	0	0	0	1	0
OTU_396	0	0	0	2	0	0	1	0	0	0	1	0	0	1	0	0	0	0
OTU_1192	0	0	0	0	0	0	0	1	0	0	0	0	0	1	0	0	0	0
OTU_1044	1	0	0	0	0	0	1	1	0	0	0	0	0	0	0	0	0	0
OTU_256	0	0	0	0	0	0	0	0	0	0	0	1	0	1	0	0	0	2
OTU_278	0	0	2	0	2	0	0	0	0	0	0	0	0	0	2	0	0	0
OTU_733	1	0	0	0	0	0	0	0	0	0	0	0	0	0	0	0	0	1
OTU_290	0	0	0	0	2	0	0	0	0	0	0	1	1	0	1	0	2	2
OTU_243	0	2	1	1	0	0	0	0	2	0	0	0	2	0	0	1	1	0
OTU_285	0	0	0	0	0	0	1	0	0	0	0	1	0	0	0	0	0	2
OTU_1174	0	0	0	0	0	0	0	0	0	0	0	0	0	0	0	1	0	0
OTU_329	0	0	0	0	0	1	0	0	0	2	3	3	0	0	3	0	5	0
OTU_724	0	0	1	0	0	0	0	0	0	0	0	0	0	0	0	0	1	1
OTU_790	0	0	0	1	0	0	0	1	0	0	0	0	0	0	0	0	0	0
OTU_900	0	0	0	0	1	0	0	0	0	0	0	0	0	0	0	0	0	0
OTU_262	0	0	0	0	0	0	2	4	0	1	1	0	0	0	0	0	2	0
OTU_1108	0	0	1	0	0	0	0	0	0	0	0	0	0	0	4	0	1	0
OTU_1170	0	0	1	0	1	0	1	0	0	0	3	1	1	0	0	0	0	1
OTU_289	0	0	0	0	0	0	0	0	0	0	1	0	3	0	0	1	2	0
OTU_350	0	0	0	0	0	0	4	1	0	0	0	0	0	0	1	1	1	1
OTU_589	0	1	2	0	0	0	1	0	0	2	2	0	6	0	0	0	5	2
OTU_207	0	2	5	1	0	0	1	0	0	1	2	0	3	0	3	0	1	1
OTU_791	0	1	0	0	0	0	0	0	0	0	0	0	2	0	1	0	0	2
OTU_592	0	1	0	0	2	0	1	4	1	0	2	12	1	1	4	0	1	5
OTU_211	0	2	0	0	0	0	1	2	0	0	2	0	0	0	0	0	0	0
OTU_441	0	2	0	0	0	0	1	0	0	0	0	0	0	0	0	0	0	0
OTU_955	0	0	0	0	0	0	0	0	0	0	0	0	1	0	0	0	0	0
OTU_659	0	0	1	0	2	0	0	0	0	0	0	0	0	0	1	0	0	0
OTU_292	0	0	0	0	0	1	0	0	0	0	2	1	0	0	0	0	0	0
OTU_928	0	0	0	0	1	0	0	1	0	0	0	1	2	0	0	0	0	0
OTU_621	0	0	0	0	0	0	0	0	0	0	1	0	0	0	0	0	0	0
OTU_421	0	0	0	0	0	0	0	0	0	0	0	0	0	0	2	0	0	0
OTU_634	0	0	0	0	0	0	0	0	0	0	0	0	0	0	1	0	0	0
OTU_179	0	0	1	0	3	0	0	0	0	0	1	0	2	0	1	0	0	5
OTU_154	0	0	0	0	2	1	1	1	0	1	2	1	0	0	0	0	2	1
OTU_334	0	0	0	0	0	0	1	0	0	0	0	1	1	0	0	0	0	0
OTU_896	0	0	0	0	0	0	0	0	0	0	0	1	0	0	0	0	0	0
OTU_201	0	0	0	0	0	2	2	0	0	1	3	1	0	0	0	0	1	2
OTU_677	0	0	0	0	0	0	0	0	0	0	0	0	0	0	0	0	1	0
OTU_286	0	0	0	0	0	0	1	1	0	0	0	0	0	0	1	0	0	0
OTU_1140	0	0	0	0	1	0	0	0	0	0	0	0	0	0	0	0	0	0
OTU_270	2	0	0	0	0	0	0	3	0	0	0	0	2	1	4	1	0	1
OTU_1307	0	0	0	0	0	0	0	2	0	1	0	0	0	0	0	0	0	0
OTU_1126	0	0	0	0	0	0	0	0	0	0	0	0	0	0	0	0	1	0
OTU_1220	0	0	0	0	0	0	1	2	0	1	1	1	3	0	0	0	2	4
OTU_245	0	0	1	0	0	3	0	0	0	1	0	1	0	0	1	0	0	0
OTU_839	0	0	0	0	0	0	0	0	0	0	0	0	0	0	0	1	0	1
OTU_435	0	0	0	0	2	0	0	0	0	1	0	0	0	0	0	0	1	1
OTU_443	0	0	0	0	0	0	1	0	0	0	0	0	0	0	0	0	0	0
OTU_956	0	0	0	0	1	0	0	0	0	0	0	0	0	0	0	0	0	0
OTU_679	0	0	0	0	0	0	2	0	0	0	3	0	1	0	0	0	1	0
OTU_255	0	0	1	0	0	0	3	0	0	0	1	0	2	0	0	0	3	0
OTU_823	0	0	0	0	0	0	0	0	0	0	0	1	0	0	3	0	0	2
OTU_692	0	0	0	0	0	1	0	0	0	0	0	0	0	0	0	0	0	0
OTU_314	0	0	0	0	0	0	0	1	0	0	0	1	0	0	0	0	0	0
OTU_1077	0	0	0	1	0	0	0	0	0	0	1	0	0	0	0	0	0	0
OTU_539	0	0	0	0	0	0	0	0	0	0	0	1	0	0	0	0	0	0
OTU_265	0	2	0	0	0	0	0	0	3	0	0	0	1	0	0	0	0	0
OTU_502	0	0	0	0	2	0	0	0	0	0	0	0	1	0	0	0	1	0
OTU_458	0	0	0	0	0	0	0	0	0	0	0	0	0	0	0	0	1	1
OTU_1267	0	0	0	1	0	0	0	0	0	0	0	0	0	0	0	0	0	0
OTU_1306	2	0	0	0	0	0	1	3	1	2	1	1	0	2	0	0	0	0
OTU_1000	2	0	0	0	0	0	4	0	0	1	10	0	0	1	0	0	0	0
OTU_527	0	0	0	0	1	0	0	0	0	0	0	0	0	0	0	0	0	0
OTU_393	0	0	0	0	1	0	0	0	0	0	0	0	0	0	0	0	1	1
OTU_725	0	0	0	0	0	0	1	0	0	0	0	0	0	0	0	0	0	0
OTU_425	0	0	0	0	0	0	0	0	0	0	1	0	0	0	0	0	0	0
OTU_1213	0	0	0	0	0	0	0	0	0	0	0	0	0	0	0	0	0	1
OTU_541	0	0	1	0	1	0	0	0	0	0	0	0	1	0	0	0	0	0
OTU_284	0	0	0	0	0	0	1	0	0	0	0	0	1	0	1	0	0	0
OTU_1241	0	0	0	0	0	0	1	0	0	0	2	0	0	0	0	0	0	0
OTU_829	0	0	0	0	0	0	0	0	0	0	0	0	1	0	0	0	0	0
OTU_453	0	0	0	0	0	0	1	0	0	0	0	0	0	0	0	0	1	0
OTU_754	0	0	0	0	0	0	0	0	0	0	0	0	0	0	0	0	1	0
OTU_1177	0	0	2	0	1	0	1	0	0	0	0	0	0	1	0	0	0	1
OTU_952	0	0	0	0	1	0	0	0	0	0	0	0	0	0	0	0	0	0
OTU_409	0	0	0	0	0	0	0	0	0	0	0	0	1	0	0	0	0	0
OTU_426	0	0	0	0	0	0	1	0	0	0	0	0	0	0	0	0	0	0
OTU_948	0	2	0	1	0	0	0	0	1	0	0	0	0	1	0	0	0	0
OTU_301	0	0	0	0	0	0	0	0	0	0	1	0	0	0	1	0	0	0
OTU_1305	0	0	0	0	0	0	0	0	0	0	0	0	0	0	1	0	0	0
OTU_1107	3	7	0	1	0	3	0	0	3	1	1	1	0	1	1	4	0	0
OTU_240	0	0	0	0	1	0	1	0	0	1	0	0	1	0	1	0	1	1
OTU_233	0	0	0	0	1	0	0	0	2	0	0	0	0	1	0	0	1	0
OTU_997	0	0	0	0	0	0	0	0	0	0	0	0	1	0	2	0	0	0
OTU_305	0	0	0	0	0	0	0	1	0	0	0	0	0	1	0	0	0	1
OTU_461	0	0	0	0	0	1	0	0	0	0	1	0	0	0	0	0	0	0
OTU_1250	0	0	0	0	0	0	0	0	0	0	0	1	0	0	0	0	0	0
OTU_363	0	0	0	0	0	0	0	1	0	0	0	0	0	1	0	0	0	0
OTU_951	0	0	0	0	0	0	0	0	0	0	0	0	0	1	0	0	0	0
OTU_1161	0	0	0	0	0	0	0	0	0	0	0	0	0	0	0	1	0	0
OTU_683	0	0	0	0	0	1	0	0	0	1	1	0	1	0	0	0	1	0
OTU_163	0	6	1	1	0	0	0	0	0	1	1	0	1	1	1	0	0	0
OTU_1176	0	0	0	0	0	0	0	1	0	0	0	0	0	0	0	0	0	0
OTU_827	0	0	0	0	0	0	0	0	0	0	0	0	0	0	0	0	1	0
OTU_313	0	0	1	0	3	0	0	3	0	2	0	1	0	0	0	0	0	0
OTU_759	0	1	0	0	0	0	0	0	0	0	0	0	0	0	0	0	0	0
OTU_147	0	4	2	0	1	0	1	5	3	0	2	2	4	0	3	0	3	1
OTU_257	0	0	0	2	1	0	0	5	0	0	0	1	0	0	0	0	0	0
OTU_1121	0	0	0	0	0	0	0	0	0	0	0	0	0	0	1	0	1	0
OTU_631	0	0	0	0	0	0	0	0	0	1	1	0	0	0	0	0	0	0
OTU_981	0	0	0	0	0	2	1	11	0	0	0	0	0	0	0	0	1	2
OTU_191	0	2	1	0	0	0	2	0	0	0	0	0	2	0	0	1	1	0
OTU_288	0	0	0	0	1	0	0	0	0	0	0	0	1	0	1	1	0	3
OTU_418	0	1	0	8	0	0	1	2	1	0	2	0	0	7	0	0	0	1
OTU_897	0	0	0	0	0	0	0	0	0	0	0	0	0	0	1	0	0	0
OTU_620	0	0	0	0	0	0	0	1	0	0	0	0	0	0	0	0	0	0
OTU_487	0	0	0	0	0	0	0	0	0	0	0	0	0	0	0	0	0	1
OTU_189	0	0	1	0	2	0	0	0	1	0	1	0	3	0	2	1	1	1
OTU_797	0	0	0	0	0	0	0	0	0	0	0	0	0	0	0	0	0	1
OTU_636	0	0	0	0	0	0	0	1	0	0	0	0	0	0	0	0	1	0
OTU_436	0	0	0	0	0	0	2	0	0	0	7	0	0	0	0	0	2	0
OTU_686	1	2	1	2	0	0	0	0	1	0	0	0	0	1	0	4	0	0
OTU_1286	0	0	0	0	0	0	2	0	1	0	2	0	0	0	0	0	1	0
OTU_494	0	0	1	0	0	0	0	0	0	0	0	0	0	0	0	0	0	0
OTU_378	0	0	0	0	0	0	0	1	0	0	0	0	0	0	0	0	0	4
OTU_901	0	0	0	0	0	0	1	0	0	0	0	0	0	0	0	0	0	0
OTU_936	0	0	0	0	0	0	1	0	0	0	0	0	0	0	0	0	0	0
OTU_622	1	2	2	0	0	0	0	0	0	0	0	0	1	0	0	0	0	0
OTU_392	0	0	0	0	0	0	0	0	0	0	0	0	0	0	1	0	0	1
OTU_1285	0	0	2	0	1	5	6	1	0	2	2	0	1	0	1	0	0	0
OTU_371	0	0	0	0	0	0	0	0	0	0	0	0	0	0	1	1	0	0
OTU_1054	0	0	0	0	0	0	0	0	0	0	0	2	0	0	0	0	0	0
OTU_1046	0	0	0	0	0	0	0	0	0	0	0	0	1	0	0	0	0	0
OTU_1173	0	0	0	0	0	0	0	0	0	0	0	0	0	0	1	0	0	0
OTU_994	0	0	0	0	0	0	0	0	0	0	0	0	0	0	0	0	0	1
OTU_557	0	0	0	0	0	0	0	0	0	0	0	0	0	1	1	0	0	0
OTU_1324	0	0	1	0	0	0	0	0	0	0	0	0	0	0	0	0	0	0
OTU_296	0	0	0	0	0	0	1	0	0	1	0	0	0	0	2	0	0	0
OTU_623	0	1	0	0	0	0	0	0	0	0	0	0	0	0	0	0	1	1
OTU_1325	0	0	0	0	0	0	0	0	0	0	0	0	0	0	1	0	0	0
OTU_1288	0	0	0	0	0	0	0	0	0	0	0	0	0	0	0	0	0	1
OTU_495	0	0	0	0	0	0	0	0	1	0	0	0	0	0	0	0	0	0
OTU_1186	0	0	0	0	0	0	0	0	0	1	0	0	0	0	0	0	0	0
OTU_310	0	0	0	0	1	0	0	0	0	0	0	0	1	0	0	0	0	0
OTU_1308	0	2	0	0	1	1	0	3	0	0	2	2	2	1	2	0	3	6
OTU_263	1	0	0	0	0	0	0	1	0	0	0	0	0	1	1	0	0	0
OTU_464	0	0	0	0	0	0	2	0	1	0	1	0	2	0	0	0	1	0
OTU_828	0	0	0	0	0	0	1	0	0	0	1	0	0	0	0	0	0	0
OTU_493	0	0	0	1	0	0	0	0	0	0	0	0	0	2	0	0	0	0
OTU_701	0	0	0	0	0	0	0	1	0	0	0	0	0	0	0	0	0	2
OTU_813	0	0	0	0	0	0	0	0	0	0	1	0	0	0	1	0	0	0
OTU_674	0	0	0	0	0	0	0	2	0	1	2	0	0	0	0	0	0	1
OTU_159	0	0	2	0	0	1	3	0	0	0	1	1	4	0	1	0	4	0
OTU_888	0	0	0	0	0	0	0	0	0	0	0	0	0	0	3	0	0	0
OTU_308	0	0	0	0	0	0	0	0	0	0	0	0	5	0	0	0	1	1
OTU_789	0	0	0	0	0	0	0	0	0	0	0	0	0	0	0	0	0	1
OTU_466	0	0	0	0	2	0	0	0	0	0	0	1	0	0	0	0	0	0
OTU_492	0	0	0	0	0	0	0	0	0	0	0	0	0	1	0	0	0	0
OTU_367	0	0	0	0	0	0	0	0	0	0	0	0	0	1	0	0	0	1
OTU_1130	1	0	0	3	0	1	2	0	0	0	0	0	0	0	0	0	2	2
OTU_1169	0	0	0	0	0	0	0	1	0	0	0	0	0	0	0	0	0	0
OTU_778	0	0	0	0	5	0	2	0	0	0	0	2	0	0	0	0	0	2
OTU_540	0	0	0	1	0	0	0	0	0	0	0	0	0	0	0	0	0	0
OTU_977	0	0	0	0	0	0	0	0	0	0	0	0	0	0	0	0	0	2
OTU_934	0	0	0	0	0	0	0	0	1	0	0	0	0	0	0	0	0	0
OTU_652	0	0	0	0	0	0	0	0	0	0	0	0	0	0	0	0	0	2
OTU_445	0	0	0	0	0	0	0	0	0	0	0	0	0	0	0	3	0	0
OTU_1052	0	0	1	0	0	0	0	0	0	0	0	0	0	0	0	0	0	0
OTU_335	0	0	0	0	0	0	0	0	0	0	0	1	0	0	0	0	2	2
OTU_1080	0	1	0	0	0	0	0	0	0	0	2	0	0	0	0	0	1	0
OTU_1005	0	0	0	0	0	0	2	0	0	0	1	0	0	0	0	0	0	0
OTU_1246	2	0	0	0	0	0	1	0	1	0	1	0	1	0	0	0	0	0
OTU_295	0	0	1	0	0	0	0	1	0	1	0	2	1	0	0	0	0	0
OTU_1051	0	0	0	0	0	0	0	0	0	0	0	1	0	0	0	0	0	0
OTU_1190	0	0	0	0	0	0	0	0	0	0	1	0	0	0	0	0	0	0
OTU_543	0	0	0	0	0	0	0	0	0	0	0	0	0	0	0	0	1	0
OTU_610	0	0	0	0	0	0	0	0	0	0	1	1	0	0	0	0	1	0
OTU_633	0	0	0	0	0	0	1	0	0	0	0	0	1	0	0	0	0	0
OTU_234	0	0	0	0	0	0	0	0	0	0	1	0	3	0	0	0	2	0
OTU_258	0	0	0	0	0	0	0	1	0	0	0	0	3	0	0	0	0	1
OTU_1317	0	0	0	0	0	0	0	0	0	0	0	0	0	0	2	0	0	0
OTU_1226	0	0	0	0	0	0	0	0	0	0	1	1	0	0	0	0	0	0
OTU_1155	0	0	0	0	0	0	0	0	0	0	0	0	0	0	2	0	0	0
OTU_855	0	1	0	0	0	0	0	2	1	0	0	0	0	0	3	0	4	0
OTU_202	0	0	0	0	0	0	0	3	0	1	1	0	0	0	0	0	0	1
OTU_587	0	0	0	0	0	0	0	0	0	0	1	0	0	0	0	0	1	0
OTU_911	0	0	1	0	2	1	0	1	0	2	1	0	0	0	2	0	0	0
OTU_513	3	0	0	0	0	0	0	0	0	2	0	1	0	0	0	1	0	0
OTU_1066	0	0	0	0	0	1	0	0	0	0	0	0	0	0	0	0	0	0
OTU_260	0	1	1	1	1	0	0	0	0	0	0	0	1	0	0	0	0	0
OTU_420	0	0	0	0	0	0	0	0	0	0	1	0	0	0	0	0	0	0
OTU_1004	0	0	1	0	0	0	0	0	0	0	0	0	0	0	0	0	0	0
OTU_591	0	0	1	1	0	0	0	0	0	0	0	0	0	0	4	0	0	2
OTU_944	0	0	0	0	0	0	0	0	0	0	1	0	2	0	0	0	0	0
OTU_170	0	0	0	0	0	1	0	2	0	0	1	0	1	0	3	0	1	9
OTU_229	0	0	0	0	2	0	0	1	0	0	0	0	3	0	5	0	5	2
OTU_1319	0	0	0	0	0	0	0	0	0	0	0	0	0	0	0	0	0	1
OTU_193	0	0	0	0	0	0	0	4	1	0	1	1	0	0	0	0	1	1
OTU_1045	0	2	0	0	0	0	0	1	0	0	0	0	0	0	0	0	0	0
OTU_884	0	0	0	0	0	0	0	0	0	0	0	0	0	0	1	0	0	0
OTU_1248	0	0	0	0	0	1	0	0	0	0	0	0	0	0	0	0	0	0
OTU_856	0	2	0	0	0	0	0	0	0	0	0	0	0	0	0	0	0	0
OTU_1172	0	0	0	0	0	0	0	1	0	0	0	0	0	0	0	0	0	0
OTU_1128	0	0	0	0	0	0	0	0	0	0	0	0	0	0	0	0	1	0
OTU_347	0	0	0	0	0	0	0	2	0	0	0	0	0	0	0	0	0	2
OTU_1067	0	0	0	0	0	0	0	0	1	0	0	0	0	0	0	0	0	0
OTU_697	0	1	0	0	0	0	0	0	0	0	0	0	0	0	0	0	0	0
OTU_1189	0	0	0	0	0	0	0	0	0	0	0	0	1	0	0	0	0	0
OTU_788	0	0	0	0	0	0	0	0	0	0	0	0	0	0	0	0	1	0
OTU_809	0	0	0	0	0	0	2	2	0	0	2	1	1	0	0	0	0	1
OTU_326	0	0	0	0	0	0	0	0	0	0	0	0	2	0	1	0	0	1
OTU_457	0	0	0	0	0	0	0	0	0	0	0	2	0	0	0	0	0	1
OTU_431	0	0	0	0	0	0	0	0	0	0	0	0	0	0	2	0	0	0
OTU_156	0	1	0	0	1	1	1	0	0	0	0	1	1	0	2	0	6	1
OTU_1017	0	0	0	0	0	0	0	0	0	0	0	0	0	1	1	0	0	0
OTU_321	0	0	0	0	0	1	0	3	0	2	0	2	0	0	0	0	0	0
OTU_678	0	0	0	0	0	0	0	0	0	0	0	0	1	0	0	0	0	0
OTU_341	0	0	0	0	0	0	1	0	0	0	1	0	1	0	0	0	2	0
OTU_857	0	0	0	0	0	0	0	1	0	0	0	0	0	0	0	1	0	0
OTU_607	0	0	0	0	0	0	0	0	0	0	0	0	0	0	1	0	0	1
OTU_1200	0	0	0	0	0	0	0	1	0	0	0	0	0	0	0	0	0	1
OTU_687	0	0	0	0	1	0	0	0	0	0	0	0	0	0	0	0	0	0
OTU_249	1	0	1	0	0	0	0	0	0	0	0	0	3	0	0	0	1	2
OTU_1070	0	0	0	0	0	0	0	1	0	0	0	0	0	0	0	0	0	0
OTU_1313	0	0	0	0	1	0	0	1	0	0	0	3	0	0	0	0	0	0
OTU_404	0	0	0	0	1	1	0	1	0	0	0	1	0	1	1	0	0	0
OTU_792	0	0	0	0	0	0	0	0	0	0	0	0	0	0	0	0	0	1
OTU_706	0	0	0	0	0	2	0	0	0	0	1	0	0	0	0	0	0	0
OTU_343	0	0	0	0	2	0	0	0	0	0	0	3	0	0	1	0	0	0
OTU_699	1	0	0	0	0	0	0	0	0	0	0	0	0	0	0	0	0	0
OTU_963	0	0	0	1	0	0	0	0	0	1	0	0	1	0	1	0	0	0
OTU_667	0	1	0	0	0	0	0	0	1	1	2	0	0	0	0	1	0	0
OTU_864	0	0	0	0	0	0	1	0	0	0	0	0	0	0	0	0	0	0
OTU_921	0	0	0	0	0	0	0	0	0	0	0	0	0	0	0	0	0	1
OTU_831	0	0	0	0	0	0	1	0	0	0	0	0	0	0	0	0	0	0
OTU_1320	0	0	0	0	0	0	0	0	0	0	0	0	0	0	1	0	0	0
OTU_390	0	0	0	0	0	0	0	0	0	0	1	0	0	0	1	0	1	0
OTU_1115	0	0	0	0	0	0	0	0	0	0	0	0	0	0	1	0	0	0
OTU_152	0	0	0	0	5	0	0	4	0	0	0	9	0	1	0	0	0	0
OTU_476	0	0	0	0	0	0	0	0	0	1	0	0	0	0	0	0	0	0
OTU_473	0	0	0	0	0	0	1	0	0	0	0	0	0	0	0	0	0	0
OTU_372	0	0	0	0	0	0	0	0	0	0	0	0	0	1	0	0	0	2
OTU_459	0	0	0	0	0	0	0	0	0	1	0	1	0	0	0	0	1	1
OTU_889	0	0	0	0	0	0	0	0	0	0	0	0	0	0	0	0	1	0
OTU_635	0	0	0	0	0	0	0	0	0	0	0	0	0	1	0	0	0	0
OTU_472	0	0	0	0	0	0	0	0	0	0	0	0	0	1	0	0	0	0
OTU_1207	0	0	0	0	0	0	0	0	0	0	0	0	0	0	1	0	0	0
OTU_309	0	0	0	0	0	0	0	1	0	0	1	0	0	0	0	0	0	1
OTU_1048	0	0	0	0	0	0	0	0	0	0	0	0	1	0	0	0	0	0
OTU_1284	0	2	0	0	0	0	4	1	3	0	4	0	4	0	0	0	3	1
OTU_237	0	0	0	0	0	0	1	0	0	0	3	0	1	0	0	0	1	0
OTU_374	0	0	0	0	0	0	0	0	0	0	0	0	0	0	2	0	0	0
OTU_728	0	1	0	0	0	0	0	1	0	0	0	0	0	0	0	0	0	0
OTU_1049	0	0	0	0	0	0	0	0	0	0	0	0	0	0	1	0	0	0
OTU_1015	0	1	0	3	0	0	0	0	0	1	0	0	0	1	0	0	0	0
OTU_222	0	0	0	5	2	0	0	3	0	0	0	0	0	4	0	0	0	3
OTU_228	0	0	0	0	0	0	0	0	0	0	0	0	2	0	3	0	1	0
OTU_447	0	0	0	0	0	0	0	0	0	0	0	0	0	0	0	1	0	0
OTU_448	0	0	0	0	0	0	0	0	0	0	0	1	0	0	0	0	0	0
OTU_327	1	0	0	0	0	0	0	0	0	0	0	0	0	0	0	1	0	0
OTU_559	0	0	0	0	0	0	0	0	0	0	0	1	0	0	1	0	0	0
OTU_923	0	0	0	0	1	0	0	0	0	0	0	0	0	0	0	0	0	0
OTU_1081	0	0	0	0	0	0	0	0	0	0	0	0	1	0	1	0	0	1
OTU_246	0	0	0	0	0	0	0	0	0	0	1	0	1	1	1	0	0	1
OTU_1230	0	0	0	0	0	0	0	1	0	0	0	1	0	0	0	0	0	1
OTU_1251	0	0	0	0	0	0	0	0	0	0	0	0	0	0	0	0	0	1
OTU_1119	0	0	0	0	0	0	0	0	0	0	1	0	0	0	0	0	0	0
OTU_867	0	1	0	1	0	0	0	0	0	0	0	1	0	2	0	1	0	0
OTU_1025	0	0	0	0	0	0	0	0	0	0	0	1	0	0	0	0	0	1
OTU_924	0	0	0	0	0	0	1	0	0	0	1	0	0	0	0	0	0	0
OTU_1242	0	0	1	0	0	0	0	0	0	0	0	0	0	0	0	0	0	0
OTU_274	0	0	0	0	2	0	0	1	0	0	0	0	0	1	0	1	1	0
OTU_558	0	0	0	0	0	0	0	0	0	0	0	1	0	0	0	0	0	0
OTU_1268	0	0	1	0	0	0	0	0	0	0	0	0	0	0	0	0	0	0
OTU_533	0	0	0	1	0	0	1	0	0	0	2	0	0	0	0	0	1	0
OTU_937	0	0	0	0	0	0	1	0	0	0	0	0	0	0	0	0	0	0
OTU_1272	0	0	0	0	0	0	0	0	1	0	0	0	0	0	0	0	0	0
OTU_938	0	0	0	0	0	0	0	0	0	0	0	0	1	0	0	0	0	0
OTU_312	0	0	0	0	1	0	0	0	0	0	0	0	0	0	1	0	0	0
OTU_1078	0	1	0	0	0	0	0	0	0	0	0	0	0	0	0	0	0	0
OTU_671	0	0	0	1	0	0	0	0	0	0	0	0	1	0	1	0	3	1
OTU_744	0	0	0	0	0	0	2	0	1	0	0	0	0	0	0	0	0	0
OTU_1035	0	0	0	0	0	0	0	0	0	0	0	0	0	0	0	0	0	1
OTU_1009	0	0	1	1	0	0	0	0	1	0	0	0	0	0	0	0	0	0
OTU_675	0	0	1	0	0	0	0	0	0	0	0	0	0	0	0	0	0	0
OTU_1247	0	0	0	0	0	0	0	0	0	0	0	1	0	0	0	0	0	0
OTU_510	0	1	0	1	1	0	0	0	0	0	0	0	0	0	0	1	0	0
OTU_782	0	0	0	0	0	0	0	0	0	1	0	2	0	0	0	0	0	0
OTU_676	0	1	0	0	0	0	0	0	0	0	0	0	0	0	0	0	0	0
OTU_1209	0	0	0	0	0	0	0	0	0	0	0	0	0	0	0	1	0	0
OTU_449	0	0	0	0	0	0	0	0	0	0	0	0	0	0	0	1	0	0
OTU_711	0	0	0	0	0	0	0	0	0	0	0	0	0	1	0	0	0	0
OTU_989	0	0	0	0	1	0	1	0	0	0	0	0	0	0	0	0	0	0
OTU_596	0	0	1	0	0	0	0	0	0	0	0	0	1	0	0	0	0	0
OTU_171	0	0	0	0	4	0	0	0	0	0	0	2	0	0	0	0	0	8
OTU_907	0	0	1	0	0	1	0	1	0	0	0	0	0	0	0	0	0	0
OTU_450	0	0	0	0	0	0	0	0	0	0	0	0	0	0	0	1	0	0
OTU_451	0	0	0	0	1	0	0	0	1	0	0	1	0	0	0	0	0	1
OTU_653	0	0	1	0	0	0	0	0	0	0	0	0	1	0	0	0	0	0
OTU_556	0	0	0	0	0	0	0	0	0	0	0	1	0	0	0	0	0	0
OTU_865	0	0	0	0	0	2	0	0	0	0	0	0	0	0	0	0	0	0
OTU_479	0	0	0	0	0	1	0	0	0	0	0	0	0	0	0	0	0	0
OTU_880	0	0	0	0	1	0	0	0	0	0	0	0	0	0	0	0	0	0
OTU_1037	0	0	0	0	0	0	0	0	0	0	0	1	0	0	0	0	0	0
OTU_1082	0	0	0	0	0	0	0	0	0	0	0	0	0	1	0	0	0	0
OTU_337	0	0	1	0	0	1	0	0	0	0	0	0	0	0	0	0	0	0
OTU_1208	0	0	0	0	0	0	0	0	0	0	0	0	0	0	0	0	0	1
OTU_858	0	0	0	0	0	1	0	0	0	0	0	0	0	0	0	0	0	0
OTU_1217	0	0	0	0	0	0	0	0	0	0	0	0	0	0	0	0	1	0
OTU_568	0	0	0	0	0	0	1	2	0	0	1	0	1	0	0	0	2	0
OTU_820	0	0	0	0	0	0	0	0	0	0	0	0	0	0	0	0	0	1
OTU_254	0	0	0	0	1	0	1	1	0	0	0	0	0	0	1	0	1	0
OTU_1122	0	0	0	0	1	0	0	0	0	0	0	0	0	0	0	0	0	0
OTU_339	0	0	0	0	0	0	0	0	0	0	0	0	0	0	0	0	1	1
OTU_1084	0	0	0	0	0	0	0	0	0	0	0	0	0	0	0	1	0	0
OTU_832	0	0	0	0	0	0	0	0	0	0	0	0	0	0	0	0	0	1
OTU_843	0	0	0	0	1	0	0	0	0	0	0	0	0	0	0	0	0	1
OTU_1036	0	0	0	0	0	0	0	0	0	0	1	0	0	0	0	0	0	0
OTU_1024	0	0	0	0	0	0	0	0	0	0	0	0	1	0	0	0	0	0
OTU_298	0	0	0	0	0	0	0	0	0	0	1	0	1	0	0	0	1	1
OTU_364	0	0	0	0	0	0	0	1	0	0	0	0	0	0	0	0	0	1
OTU_710	0	0	0	0	0	0	0	0	0	0	0	0	1	0	0	0	0	0
OTU_1271	0	0	0	0	0	0	0	0	0	0	0	0	0	0	0	0	0	1
OTU_1199	0	0	0	0	1	0	0	0	0	0	0	0	0	0	0	0	0	0
OTU_939	0	0	0	0	0	0	0	1	0	0	0	0	0	0	0	0	0	0
OTU_1296	0	1	0	0	0	0	0	0	0	0	0	0	0	0	0	1	0	0
OTU_892	0	0	0	0	0	0	0	0	0	0	0	0	0	0	0	0	1	1
OTU_1146	0	0	0	0	0	0	0	0	0	0	1	0	0	0	0	0	0	0
OTU_978	0	0	1	0	0	0	0	0	0	0	0	0	0	1	0	0	0	0
OTU_1034	0	0	0	0	1	0	0	0	0	0	0	0	0	0	1	0	0	1
OTU_1269	0	0	0	0	0	0	0	0	0	0	0	0	0	0	0	0	0	1
OTU_1219	0	0	0	0	1	0	0	0	0	0	0	0	0	0	0	0	0	0
OTU_1038	0	0	0	0	0	0	0	0	0	1	0	0	0	0	0	0	0	0
OTU_402	0	0	0	0	0	0	1	0	3	0	0	0	0	0	0	0	1	0
OTU_328	0	0	0	0	3	0	0	0	0	0	0	0	0	0	0	0	0	0
OTU_833	0	0	0	0	0	0	0	0	0	0	2	0	0	0	0	0	1	0
OTU_307	0	0	0	0	0	0	0	0	0	0	1	1	0	1	0	0	0	1
OTU_879	0	0	0	0	0	0	0	0	0	0	1	0	0	0	0	0	0	0
OTU_885	0	0	0	0	0	0	0	0	0	0	0	0	0	0	0	0	0	1
OTU_261	0	0	0	0	0	0	0	1	0	0	0	0	1	0	1	0	0	0
OTU_988	0	0	0	0	0	0	0	0	0	0	0	0	0	0	0	0	1	0
OTU_1113	0	0	0	0	0	0	0	0	0	0	0	0	0	0	0	0	1	0
OTU_1131	0	0	0	0	0	0	0	0	0	0	0	0	0	0	1	0	0	0
OTU_1149	0	0	0	0	0	0	0	0	0	0	0	0	0	0	0	0	0	1
OTU_712	0	0	0	0	0	0	0	0	0	0	0	0	0	0	0	0	1	0
OTU_886	0	0	0	0	0	0	0	0	0	0	0	0	0	1	0	0	0	0
OTU_805	0	1	0	0	0	0	0	0	0	0	0	0	1	0	0	0	0	0
OTU_919	0	0	0	0	0	0	0	0	0	0	0	0	1	0	0	0	0	0
OTU_1118	0	0	0	0	0	0	0	0	0	0	0	0	0	0	0	0	0	1
OTU_1159	0	0	0	0	0	0	0	0	0	1	0	0	0	0	0	0	0	0
OTU_780	0	0	0	0	0	0	0	0	0	0	1	0	0	0	0	0	0	1
OTU_481	0	1	0	0	0	0	0	0	0	0	0	0	0	0	0	0	0	0
OTU_608	0	2	0	0	0	0	0	0	1	0	0	0	1	0	1	1	0	0
OTU_331	0	0	0	0	0	0	0	0	0	0	1	0	0	0	1	0	0	0
OTU_504	0	0	0	0	0	0	1	1	0	0	1	0	0	0	0	0	0	2
OTU_1261	0	0	0	0	0	0	0	0	0	0	0	1	0	0	0	0	0	0
OTU_597	0	0	0	0	0	0	1	0	0	0	0	0	0	0	0	0	0	0
OTU_383	0	0	0	0	0	0	0	0	0	0	0	0	0	0	0	2	0	0
OTU_434	0	0	0	0	0	0	0	1	0	0	0	1	2	0	0	0	1	0
OTU_818	1	0	0	0	0	0	0	0	0	0	0	0	0	0	0	0	0	0
OTU_926	0	0	0	0	0	0	0	0	0	0	0	1	0	0	0	0	1	0
OTU_1085	0	0	0	0	1	0	0	0	0	0	0	0	0	0	0	0	0	0
OTU_1039	0	0	0	0	0	0	1	0	0	0	0	0	0	0	0	0	0	0
OTU_1114	0	0	0	0	0	0	0	0	0	0	0	0	0	0	1	0	0	0
OTU_302	0	0	0	0	0	0	0	1	0	0	0	0	4	0	0	0	1	0
OTU_213	0	3	0	0	0	0	0	0	3	0	0	0	0	0	0	0	0	0
OTU_640	1	1	0	0	0	0	0	0	0	0	0	0	0	0	0	1	0	0
OTU_1031	0	0	0	0	0	0	0	0	0	0	0	0	0	0	0	1	0	0
OTU_444	0	0	0	0	0	0	0	0	0	0	1	0	0	0	0	0	0	0
OTU_1100	0	0	0	0	0	0	0	0	0	1	0	0	0	0	1	0	0	1
OTU_748	0	0	0	0	0	0	0	0	0	0	0	1	0	0	0	0	0	0
OTU_1040	0	0	0	0	1	0	0	0	0	0	0	0	0	0	0	0	0	0
OTU_859	0	0	0	0	0	0	0	0	0	0	0	0	1	0	0	0	0	0
OTU_599	0	0	0	0	0	0	0	0	0	0	0	1	0	0	0	0	0	0
OTU_1221	0	0	0	0	0	0	0	0	0	0	0	0	0	0	0	1	0	0
OTU_1210	0	0	0	0	0	0	0	0	0	1	0	0	0	0	0	0	0	0
OTU_1299	0	0	0	0	0	0	0	0	0	0	0	0	0	0	0	0	1	0
OTU_1030	0	0	1	0	0	0	0	0	0	0	0	0	0	0	0	0	0	0
OTU_661	1	0	0	0	0	0	0	0	0	0	0	0	0	0	0	0	0	0
OTU_877	0	0	1	0	0	0	1	0	0	0	0	0	0	0	0	0	0	0
OTU_690	0	0	0	0	0	0	0	0	0	0	0	0	0	0	2	0	0	0
OTU_304	0	0	0	0	0	0	0	1	0	0	1	1	1	0	0	0	0	0
OTU_822	0	0	0	0	0	0	0	0	0	0	0	0	0	0	0	0	0	1
OTU_920	0	0	0	0	0	0	1	0	0	0	0	0	0	0	0	0	0	0
OTU_875	0	0	0	0	0	0	0	0	0	0	0	0	0	0	1	0	0	0
OTU_1237	0	0	0	0	0	0	1	0	0	0	0	0	0	0	0	0	0	0
OTU_432	2	0	0	0	0	0	0	0	0	0	0	0	0	0	0	0	0	0
OTU_231	0	0	0	0	0	0	2	0	0	0	1	2	0	0	0	0	0	1
OTU_613	0	0	0	0	0	0	0	0	0	0	1	0	0	0	0	0	0	0
OTU_972	0	0	0	0	0	0	0	0	0	0	1	0	0	0	0	0	0	0
OTU_1041	0	0	0	0	0	0	0	0	0	0	0	0	0	0	0	0	1	0
OTU_841	0	0	0	0	0	0	0	1	0	0	1	0	0	0	0	0	0	0
OTU_927	0	0	0	0	0	0	0	0	0	0	0	0	0	0	0	1	0	0
OTU_1160	0	0	0	0	0	0	0	0	0	0	0	0	0	0	0	0	0	1
OTU_416	0	0	0	0	0	0	0	0	0	0	0	0	0	0	0	1	0	0
OTU_415	0	0	0	0	0	0	0	0	0	0	1	0	0	0	0	0	0	0
OTU_437	0	0	0	0	0	0	0	0	0	0	0	0	0	0	0	0	1	0
OTU_954	0	1	0	0	0	0	0	0	0	0	0	0	0	0	0	0	0	0
OTU_749	0	0	0	0	0	0	0	0	0	1	0	0	2	0	0	0	0	1
OTU_516	0	0	0	0	0	0	0	0	0	1	0	0	0	0	0	0	0	0
OTU_887	0	0	0	0	0	0	0	0	0	0	0	0	0	1	0	0	0	0
OTU_315	0	0	0	0	0	0	0	1	0	0	0	1	0	2	0	0	0	0
OTU_1156	0	0	0	0	0	0	0	0	0	0	0	1	0	0	0	0	0	0
OTU_320	0	0	0	0	1	0	0	1	0	0	0	0	0	1	0	0	0	1
OTU_1273	0	0	0	0	0	0	0	0	0	0	0	0	0	0	0	1	0	0
OTU_497	0	0	0	0	0	0	0	1	0	0	0	0	0	0	0	0	0	0
OTU_496	0	0	0	0	0	0	0	0	0	0	0	0	0	0	1	0	0	0
OTU_452	0	0	0	0	0	0	0	0	0	0	0	0	0	0	0	0	0	1
OTU_1298	0	0	0	0	0	0	0	0	0	0	0	1	0	0	0	0	0	0
OTU_804	1	0	0	0	0	0	0	0	0	0	0	0	0	1	0	0	1	0
OTU_600	0	0	0	0	0	0	1	0	0	0	0	0	1	0	0	0	0	0
OTU_1088	0	0	0	0	0	0	0	1	0	0	0	0	0	0	0	0	0	0
OTU_970	0	0	0	0	0	0	0	0	0	0	0	1	0	0	1	0	0	0
OTU_342	0	0	0	0	0	0	1	0	0	0	0	0	0	0	0	1	0	0
OTU_422	0	0	0	0	1	0	0	0	0	0	0	0	0	0	0	0	0	0
OTU_349	0	0	1	0	0	0	0	0	0	0	1	0	0	0	0	0	0	0
OTU_691	0	0	0	0	0	0	0	0	0	0	0	0	0	0	0	0	1	0
OTU_482	0	0	0	0	0	0	0	0	0	0	0	0	0	0	0	0	0	1
OTU_1089	0	0	0	0	1	0	0	0	0	0	0	0	0	0	0	0	0	0
OTU_515	0	0	0	0	1	0	0	0	0	0	0	0	0	0	0	0	0	1
OTU_1157	0	0	1	0	0	0	0	0	0	0	0	0	0	0	0	0	0	0
OTU_368	0	0	1	0	0	0	0	0	0	0	1	0	0	0	0	0	0	0
OTU_876	0	0	0	0	0	0	0	0	0	0	0	0	0	1	0	0	0	0
OTU_1098	0	0	0	0	0	0	0	0	0	0	0	0	1	0	0	0	0	0
OTU_455	0	0	0	0	0	0	0	0	0	0	0	0	0	1	0	0	0	0
OTU_578	0	0	0	0	0	0	1	1	0	0	0	0	0	0	0	0	0	0
OTU_1244	0	0	0	0	0	0	0	0	0	0	0	0	0	0	1	0	0	0
OTU_1191	0	0	0	0	0	0	0	0	0	0	0	1	0	0	0	0	0	0
OTU_1262	0	0	0	0	0	0	0	0	0	1	0	0	0	0	0	0	0	0
OTU_319	0	0	0	1	0	0	0	0	0	0	0	1	0	0	0	0	0	0
OTU_747	0	0	0	0	0	0	0	0	0	0	0	0	1	1	1	0	0	0
OTU_532	0	0	0	0	0	0	1	0	0	0	0	0	0	0	0	0	0	0
OTU_971	0	0	0	0	0	0	0	0	0	0	0	0	0	0	0	0	0	1
OTU_730	0	0	0	0	0	0	0	0	0	0	0	0	0	0	1	0	0	0
OTU_873	0	0	0	0	0	0	0	2	0	0	0	0	0	0	0	0	0	0
OTU_1158	0	0	0	0	0	0	0	0	0	0	0	0	0	1	0	0	0	0
OTU_998	0	0	0	0	0	0	0	0	0	0	0	0	0	0	0	0	2	0
OTU_1245	0	0	0	0	0	0	0	0	0	0	0	0	0	0	0	0	0	1
OTU_412	0	0	0	0	2	0	1	1	0	0	0	0	0	0	1	0	0	0
OTU_1101	0	1	0	0	0	0	1	0	0	0	0	0	0	0	0	0	0	0
OTU_909	0	0	0	0	0	0	0	0	0	0	0	0	0	0	0	0	0	1
OTU_718	0	0	0	1	0	0	0	0	0	0	0	0	0	0	0	0	0	0
OTU_1147	0	0	0	0	0	0	0	1	0	0	0	0	0	0	0	0	0	0
OTU_902	0	0	1	0	0	0	0	0	0	0	0	0	0	0	0	0	1	0
OTU_624	0	0	0	0	1	0	0	0	0	0	0	0	0	0	0	0	0	0
OTU_1154	0	0	0	1	0	0	0	0	0	0	0	0	0	0	0	0	0	0
OTU_1184	0	0	0	0	0	0	0	0	0	0	0	0	0	0	0	1	0	0
OTU_929	0	0	0	0	0	1	0	0	0	0	0	0	0	0	0	0	0	0
OTU_821	0	0	0	0	1	0	0	0	0	0	0	0	0	0	0	0	0	0
OTU_1243	0	0	0	0	0	0	0	0	0	0	0	0	1	0	0	0	0	0
OTU_517	0	0	0	0	0	0	1	0	0	0	0	0	0	0	0	0	0	0
OTU_588	0	0	0	0	0	1	0	0	0	0	0	0	0	0	0	0	0	1
OTU_801	0	0	0	0	0	0	0	0	0	0	0	0	0	0	0	0	0	1
OTU_394	0	0	0	0	0	1	1	1	0	0	0	0	0	0	0	0	0	0
OTU_719	0	0	0	0	0	0	0	0	0	0	0	1	0	0	0	0	0	0
OTU_604	0	0	0	0	1	0	0	0	0	0	0	0	0	0	1	0	0	0
OTU_943	0	0	0	0	0	0	0	1	0	0	0	0	0	0	0	1	0	0
OTU_1013	0	0	0	0	0	0	0	0	2	0	0	0	0	0	0	0	1	0
OTU_603	0	0	0	0	0	0	0	0	0	0	0	0	1	0	0	0	1	0
OTU_802	0	0	0	0	1	0	0	0	0	0	0	0	0	0	0	0	0	0
OTU_1193	0	0	0	0	0	0	0	0	0	0	0	0	0	0	0	0	1	0
OTU_969	0	0	1	0	0	0	0	0	0	0	0	0	0	0	0	0	0	0
OTU_488	0	0	0	0	0	0	0	0	0	0	0	0	2	0	0	1	0	0
OTU_323	0	0	0	0	2	0	0	0	0	0	0	0	0	0	0	0	2	0
OTU_1283	0	0	0	0	0	0	1	0	0	1	0	0	0	0	0	0	0	0
OTU_779	0	0	0	0	0	0	0	0	0	0	0	0	0	0	0	0	1	0
OTU_1263	0	0	0	0	0	0	0	0	0	0	0	0	0	0	0	0	1	0
OTU_695	0	0	0	0	0	0	0	0	0	0	1	0	1	0	0	0	0	0
OTU_317	0	2	0	0	0	0	0	0	0	0	0	0	0	0	0	0	0	0
OTU_605	0	0	0	0	1	0	0	0	0	0	0	0	0	0	0	0	0	0
OTU_965	0	0	0	0	0	0	0	0	0	0	0	0	0	0	0	0	1	0
OTU_1055	0	0	0	0	0	0	0	1	0	0	0	0	0	0	0	0	0	0
OTU_1093	0	0	0	0	0	0	0	1	0	0	0	0	0	0	0	0	0	0
OTU_968	0	0	1	0	0	0	0	0	0	0	0	0	1	0	0	0	0	0
OTU_268	0	0	0	0	0	0	0	1	1	1	0	0	0	1	0	0	0	1
OTU_795	0	0	0	0	0	0	0	0	0	0	0	0	0	1	0	0	0	0
OTU_1104	0	0	0	0	0	0	0	0	0	0	0	0	0	0	0	0	0	1
OTU_1092	0	0	0	0	0	0	0	0	0	0	0	0	0	0	0	1	0	0
OTU_964	0	0	0	0	0	1	0	0	0	0	1	0	0	0	0	0	0	0
OTU_1222	0	0	0	0	0	0	0	0	0	0	0	0	0	0	0	0	1	0
OTU_803	0	0	0	0	0	0	0	0	0	0	0	0	1	0	0	0	0	0
OTU_352	0	0	0	0	0	0	0	0	0	0	0	0	1	0	0	0	1	0
OTU_702	0	0	0	0	1	0	0	0	0	0	1	0	0	0	0	0	0	0
OTU_960	0	0	0	1	0	0	0	0	1	1	2	0	0	0	0	0	0	0
OTU_940	0	0	0	0	1	0	0	0	0	0	0	0	0	0	0	0	0	0
OTU_811	0	0	0	0	0	0	0	1	0	0	0	0	0	0	0	0	0	1
OTU_946	1	0	0	0	0	0	0	0	0	0	0	0	0	0	1	0	0	0
OTU_601	0	0	1	0	0	0	0	0	0	0	0	0	0	0	0	0	0	1
OTU_1183	0	0	0	0	0	0	0	1	0	0	0	0	0	0	0	0	0	0
OTU_781	0	0	0	0	0	0	0	0	0	0	0	0	0	0	0	1	0	0
OTU_1197	0	0	0	0	0	0	0	1	0	0	0	0	0	0	0	0	0	0
OTU_362	0	0	0	0	0	0	0	3	0	0	0	0	0	0	0	0	0	0
OTU_739	0	0	0	0	0	0	0	0	0	0	0	0	0	0	1	0	0	0
OTU_1027	0	0	0	0	0	0	0	0	0	0	0	0	0	0	1	0	0	0
OTU_1106	0	0	0	0	0	0	0	1	0	0	0	0	0	0	0	0	0	0
OTU_1042	0	1	0	0	0	0	0	0	0	0	0	0	0	0	0	0	1	0
OTU_1252	0	0	0	0	0	0	0	0	0	0	0	0	0	0	1	0	0	0
OTU_501	0	0	0	0	0	0	0	0	0	0	0	1	0	0	0	0	0	0
OTU_1187	0	0	0	1	0	0	0	0	0	0	0	0	0	1	0	0	0	1
OTU_958	0	0	0	0	0	0	0	0	0	0	0	1	0	0	0	0	0	0
OTU_259	0	0	0	0	0	0	0	0	0	0	0	0	0	0	1	0	2	0
OTU_826	0	0	0	0	0	0	0	0	0	0	0	3	0	0	0	0	0	0
OTU_602	0	0	0	0	0	0	0	0	0	0	0	0	0	0	0	0	1	0
OTU_1253	0	1	0	0	0	0	0	0	0	0	0	0	0	0	0	0	0	0
OTU_721	0	1	0	0	0	0	0	0	0	0	0	0	0	0	0	0	0	0
OTU_941	0	0	0	0	0	0	0	1	0	0	0	0	0	0	0	0	0	0
OTU_903	0	0	0	0	0	0	0	0	0	0	0	0	1	0	0	0	0	0
OTU_552	0	0	0	0	0	0	0	1	0	0	0	0	0	0	0	0	0	0
OTU_1163	0	0	0	0	0	0	0	0	0	0	0	0	1	0	0	0	0	0
OTU_612	0	0	0	0	0	0	0	0	0	0	0	0	0	0	0	0	0	1
OTU_1293	0	0	0	0	0	0	1	0	0	0	0	0	0	0	0	0	0	0
OTU_722	0	0	0	0	0	0	0	0	0	0	0	0	0	0	0	0	0	1
OTU_480	0	0	0	0	0	0	0	0	0	0	0	1	0	0	0	0	0	0
OTU_1274	0	0	0	0	0	0	0	0	0	0	0	0	0	0	0	0	0	1
OTU_379	0	0	0	0	0	0	0	0	0	0	0	0	0	0	2	0	0	0
OTU_930	0	0	0	0	0	0	0	0	0	1	0	0	0	0	0	0	1	0
OTU_519	0	0	0	0	0	0	0	0	0	0	0	0	0	0	1	0	0	0
OTU_767	0	0	0	0	0	0	0	0	0	0	0	0	1	0	0	0	0	0
OTU_1323	0	0	0	0	0	1	0	0	0	0	0	0	0	0	0	0	0	0
OTU_553	0	0	0	0	1	0	0	0	0	0	0	0	0	0	0	0	0	0
OTU_976	0	0	0	0	0	0	0	1	0	0	0	0	0	0	0	0	0	0
OTU_1304	0	0	0	0	0	0	0	1	0	0	0	0	0	0	0	0	0	0
OTU_520	0	1	0	0	0	0	0	0	0	0	0	0	0	0	0	0	0	0
OTU_942	0	0	0	0	0	0	0	0	0	0	0	0	0	0	0	0	0	1
OTU_1303	0	0	0	0	1	0	0	0	0	0	0	0	0	0	0	0	0	0
OTU_293	0	0	0	0	1	0	0	0	0	0	0	0	1	0	1	0	1	2
OTU_1090	0	0	0	0	0	0	0	0	0	0	0	0	0	0	1	0	0	0
OTU_281	0	0	0	0	0	0	0	0	0	0	1	0	0	0	1	0	1	0
OTU_908	0	0	0	0	0	0	0	0	0	0	0	0	0	0	1	0	0	0
OTU_483	0	0	0	0	0	0	0	0	0	0	0	0	0	1	0	0	0	0
OTU_1162	0	0	0	0	0	0	0	0	0	0	0	1	0	0	0	0	0	0
OTU_738	0	0	0	0	0	0	0	0	0	0	0	0	0	0	0	0	0	1
OTU_1194	0	0	0	0	0	0	0	0	0	0	0	0	1	0	0	0	0	0
OTU_570	0	0	1	0	0	0	0	0	0	0	0	0	0	0	0	0	0	0
OTU_773	0	0	0	0	1	0	0	0	0	0	0	0	0	0	0	0	0	0
OTU_806	0	0	0	0	0	0	0	0	0	0	0	0	0	1	0	0	0	0
OTU_764	0	0	0	0	0	0	0	0	0	0	0	0	1	0	0	0	0	1
OTU_793	0	0	0	0	0	0	0	0	0	0	0	0	0	0	0	0	0	1
OTU_571	0	0	0	0	0	0	0	0	0	0	0	0	1	0	0	0	1	0
OTU_762	0	0	0	0	0	0	0	1	0	0	0	0	0	0	0	0	0	0
OTU_1302	0	0	0	0	0	0	0	0	0	0	0	0	0	0	0	0	1	0
OTU_800	0	0	0	0	0	0	0	0	0	0	0	0	1	0	0	0	0	0
OTU_1278	0	0	0	0	0	0	0	0	0	0	0	0	0	1	0	0	0	0
OTU_484	0	0	0	0	0	0	0	0	0	0	1	0	0	0	0	0	0	0
OTU_774	0	0	0	0	0	0	0	0	1	0	0	0	0	0	0	0	0	0
OTU_1011	0	0	0	0	1	0	0	0	0	0	0	0	0	0	0	0	0	0
OTU_1125	0	0	0	0	0	0	0	0	0	0	0	0	1	0	1	0	0	1
OTU_668	0	0	0	0	1	0	0	0	0	0	0	0	0	0	0	0	0	0
OTU_798	0	0	0	0	0	0	1	0	0	0	0	0	0	0	0	0	0	0
OTU_1079	0	1	0	0	0	0	0	0	0	0	0	0	0	0	0	0	0	0
OTU_824	0	0	0	0	0	0	0	0	0	0	1	0	1	0	0	0	1	0
OTU_966	0	0	0	0	0	0	0	0	0	0	1	0	0	0	0	0	0	0
OTU_338	0	0	0	0	0	0	2	0	0	0	0	1	0	0	0	0	0	1
OTU_1143	0	0	0	0	0	0	0	0	0	0	1	0	0	0	0	0	0	0
OTU_1291	0	0	0	0	0	0	0	0	0	0	0	0	0	0	0	0	0	1
OTU_794	0	0	0	0	0	0	0	0	0	0	0	0	0	0	0	1	0	0
OTU_1300	0	0	0	0	0	0	0	0	0	0	0	0	0	0	1	0	0	0
OTU_685	0	0	0	0	0	0	0	0	0	0	0	0	0	0	0	0	0	1
OTU_609	0	0	0	0	1	0	0	0	0	0	0	0	0	0	0	0	0	0
OTU_1276	0	0	0	0	0	0	0	0	0	0	0	0	0	0	0	0	0	1
OTU_1164	0	0	0	1	0	0	0	0	0	0	0	0	0	0	0	0	0	0
OTU_521	0	0	0	0	0	0	0	0	0	0	0	0	0	1	0	0	0	0
OTU_870	0	0	0	0	1	0	0	0	0	0	0	0	0	0	0	0	0	0
OTU_731	1	0	0	0	0	0	0	0	0	0	0	0	0	0	0	0	0	0
OTU_1150	0	0	0	0	0	0	0	0	0	0	0	0	0	0	1	0	0	0
OTU_1224	0	0	1	0	0	0	0	0	0	0	0	0	0	0	0	0	0	0
OTU_1060	0	0	0	0	0	0	0	0	0	0	0	0	0	0	0	0	0	1
OTU_807	0	0	0	0	0	0	0	0	0	0	0	0	0	0	0	0	0	1
OTU_1020	0	0	0	0	0	0	0	0	0	0	0	1	0	0	0	0	0	0
OTU_1254	0	0	0	0	0	0	0	0	0	0	0	0	0	0	1	0	0	0
OTU_1277	0	0	0	0	0	0	0	0	0	0	0	0	0	0	1	0	0	0
OTU_850	0	0	0	0	0	0	0	1	0	0	0	0	0	0	0	0	0	0
OTU_680	0	0	0	0	1	0	0	0	0	0	0	0	0	0	0	0	0	0
OTU_1028	0	0	0	0	0	0	0	0	0	0	0	0	0	0	0	1	0	0
OTU_1102	0	0	0	0	0	0	0	0	0	0	0	0	0	0	0	0	1	0
OTU_376	0	0	0	0	0	0	0	1	0	0	0	0	0	0	1	0	1	0
OTU_638	0	0	0	0	0	0	1	0	0	0	0	0	1	0	0	0	0	0
OTU_1330	0	0	0	0	0	0	0	0	2	0	0	0	0	0	0	0	0	0
OTU_370	0	0	0	0	1	0	0	0	0	0	0	0	0	0	0	0	0	1
OTU_641	0	0	0	1	0	0	0	0	0	0	0	0	0	0	0	0	0	0
OTU_1029	0	0	0	0	0	0	0	0	0	0	0	0	0	0	0	1	0	0
OTU_399	0	0	0	0	0	0	0	0	0	0	0	0	0	0	0	0	1	0
OTU_554	0	0	0	0	0	1	0	0	0	0	0	0	0	0	0	0	0	0
OTU_614	0	0	0	0	0	0	0	0	0	0	1	0	0	0	0	0	0	0
OTU_840	0	0	0	0	0	0	0	0	0	0	0	0	0	0	0	0	2	0
OTU_681	0	0	0	0	0	0	0	0	0	0	0	0	0	0	0	0	1	0
OTU_467	0	0	0	0	0	0	0	0	0	1	0	0	1	0	0	0	0	0
OTU_1138	0	0	0	0	0	0	0	0	0	0	0	0	0	0	0	0	1	0
OTU_1139	0	0	0	0	0	0	0	0	0	0	0	0	0	0	0	0	0	1
OTU_1021	0	0	0	0	0	0	0	1	0	0	0	0	0	0	0	0	0	0
OTU_462	0	0	0	0	0	0	0	1	0	0	0	0	0	0	0	0	0	0
OTU_381	0	0	0	0	0	0	0	0	0	0	0	0	0	0	3	0	0	0
OTU_732	0	0	0	0	0	0	0	0	0	0	0	0	1	0	0	0	0	0
OTU_1061	0	0	0	0	0	0	0	0	0	0	0	0	0	1	0	0	0	0
OTU_1002	0	0	0	0	0	0	0	0	0	0	0	0	0	0	1	0	0	0
OTU_785	0	0	0	0	0	0	0	0	0	0	0	0	0	0	0	0	0	1
OTU_787	0	0	0	0	0	0	0	0	0	0	0	0	0	0	0	0	1	0
OTU_566	0	0	0	0	1	0	0	0	0	0	0	0	0	0	0	0	0	0
OTU_766	0	0	0	0	0	0	0	0	0	0	0	0	0	0	0	0	0	1
OTU_1256	0	0	0	0	1	0	0	0	0	0	0	0	0	0	0	0	0	0
OTU_572	0	0	0	0	0	0	0	0	0	0	0	0	0	1	0	0	0	0
OTU_509	0	0	0	1	0	0	0	0	0	0	0	0	0	0	0	0	0	0
OTU_460	0	0	0	0	0	0	0	1	0	0	0	0	0	0	0	0	0	0
OTU_1094	0	0	0	0	0	0	0	1	0	0	0	0	0	0	0	0	0	1
OTU_1265	0	0	0	0	0	0	0	0	0	0	0	0	1	0	0	0	0	0
OTU_577	0	0	0	0	0	0	0	0	0	0	0	0	0	0	0	0	0	1
OTU_776	0	0	0	0	0	0	0	0	0	0	0	1	0	0	1	0	1	0
OTU_565	0	0	0	0	0	0	1	0	0	0	0	0	0	0	0	0	0	0
OTU_1202	0	0	0	0	0	0	0	0	0	0	0	0	0	0	1	0	0	0
OTU_1003	0	0	0	0	0	0	0	0	0	0	0	0	0	0	1	0	0	0
OTU_1218	0	0	0	0	0	0	0	0	0	0	0	0	1	0	0	0	0	0
OTU_812	0	0	0	0	0	0	0	0	0	0	0	2	0	0	0	0	0	0
OTU_1137	0	0	0	0	0	0	0	0	0	0	0	0	0	0	0	0	1	0
OTU_670	0	0	0	0	0	0	0	0	0	0	1	0	0	0	0	0	0	0
OTU_303	0	0	0	0	0	0	2	0	0	0	0	0	0	0	0	0	0	0
OTU_576	0	0	0	0	0	0	0	0	0	0	0	0	0	0	0	0	1	0
OTU_1328	0	0	0	1	0	0	0	0	0	0	0	0	0	0	0	0	0	0
OTU_866	0	0	0	0	0	0	0	0	0	1	0	0	0	0	0	0	0	0
OTU_417	0	0	0	0	0	0	0	0	0	0	0	0	0	0	0	1	0	0
OTU_575	0	0	0	0	0	0	0	0	0	0	0	0	0	0	1	0	0	0
OTU_765	0	0	0	0	0	0	0	0	0	0	0	0	0	0	0	0	1	0
OTU_1257	0	0	0	0	0	1	0	0	0	0	0	0	0	0	0	0	0	0
OTU_1063	0	0	0	0	0	0	0	1	0	0	0	0	0	0	0	0	0	0
OTU_544	0	0	0	0	0	0	0	0	0	0	0	0	1	0	0	0	0	0
OTU_842	0	0	0	0	0	0	0	1	0	0	0	0	0	0	0	0	0	0
OTU_573	0	0	0	0	0	0	0	0	0	0	0	0	0	0	0	0	0	1
OTU_410	0	0	0	0	0	0	0	0	0	0	0	0	0	0	0	0	1	0
OTU_1264	0	0	0	0	0	0	0	0	0	0	0	0	0	1	0	0	0	0
OTU_860	0	0	0	0	0	0	0	0	0	0	0	0	0	0	1	0	0	0
OTU_672	0	0	0	0	0	0	0	0	0	0	0	1	0	0	0	0	0	0
OTU_810	0	0	0	0	0	0	0	0	0	0	0	0	0	0	1	0	0	0
OTU_1198	0	0	0	0	0	0	0	0	0	0	0	0	1	0	0	0	0	0
OTU_808	0	0	0	0	0	0	0	0	0	0	0	0	0	0	0	0	1	0
OTU_959	0	0	0	0	0	0	0	0	0	0	0	1	0	0	0	0	0	0
OTU_546	0	0	0	0	0	0	0	0	0	0	0	0	0	0	1	0	0	0
OTU_663	0	0	0	0	0	0	0	0	0	0	2	0	0	0	0	0	0	0
OTU_547	0	0	1	0	0	0	0	0	0	0	0	0	0	0	0	0	0	0
OTU_786	0	0	0	0	0	0	0	1	0	0	0	0	0	0	0	0	0	0
OTU_594	0	0	0	0	0	0	0	0	0	0	0	0	1	0	0	0	0	0
OTU_1279	0	0	0	0	0	0	1	0	0	0	0	0	0	0	0	0	0	0
OTU_878	0	0	0	1	0	0	0	0	0	0	0	0	0	0	0	0	0	0
OTU_595	0	0	0	0	0	0	1	0	0	0	0	0	0	0	0	0	0	0
OTU_1010	0	1	0	0	0	0	0	0	0	0	0	0	0	0	0	0	0	0
OTU_1076	0	0	0	0	0	0	0	0	0	0	0	0	0	0	0	0	0	1
OTU_862	0	0	0	0	0	0	1	0	0	0	0	0	0	0	0	0	0	0
OTU_784	0	0	0	0	0	0	0	0	0	0	0	1	0	0	0	0	0	0
OTU_709	0	0	0	0	0	0	0	0	0	0	0	0	0	0	0	0	0	1
OTU_752	0	0	0	0	0	0	0	0	0	0	1	0	0	0	0	0	0	0
OTU_961	0	0	0	0	0	0	0	0	0	0	0	0	0	0	0	0	1	0
OTU_1059	0	0	0	0	1	0	0	0	0	0	0	0	0	0	0	0	0	0
OTU_1203	0	0	0	0	0	0	0	1	0	0	0	0	0	0	0	0	0	0
OTU_1012	0	0	0	0	0	0	0	0	0	0	0	0	0	0	2	0	0	0
OTU_660	0	0	0	0	0	0	0	0	0	0	0	0	0	1	0	0	0	0
OTU_1287	0	0	0	0	0	0	0	0	0	0	0	0	0	0	0	1	0	0
OTU_429	0	0	0	0	0	0	0	0	0	0	0	0	1	0	0	0	0	1
OTU_1133	0	0	0	0	0	0	0	1	0	0	0	0	0	0	0	0	1	0
OTU_753	0	0	0	0	0	0	0	0	0	0	0	0	0	0	1	0	0	1
OTU_931	0	0	0	0	0	0	0	1	0	0	0	0	0	0	0	0	0	0
OTU_511	0	0	0	0	0	0	0	0	0	0	1	0	0	0	0	0	0	0
OTU_1204	0	1	0	0	0	0	0	0	0	0	0	0	0	0	0	0	0	0
OTU_1239	0	0	0	0	0	0	1	0	0	0	0	0	0	0	0	0	0	0
OTU_366	0	0	1	0	0	0	0	0	0	0	1	0	1	0	0	0	1	0
OTU_962	0	0	0	0	0	0	0	0	0	0	0	0	0	1	0	0	0	0
OTU_854	0	0	0	0	0	0	0	0	0	0	0	0	0	0	0	0	1	0
OTU_562	0	0	0	0	0	0	0	0	0	0	0	0	0	0	0	1	0	0
OTU_1065	0	0	0	0	0	0	0	0	0	0	1	0	0	0	0	0	0	0
OTU_1001	0	0	0	0	0	0	0	0	0	0	0	0	0	0	0	0	1	0
OTU_769	0	0	0	0	0	1	0	0	0	0	0	0	0	0	0	0	0	0
OTU_593	0	0	0	0	0	0	0	0	0	0	1	0	0	0	0	0	0	0
OTU_590	0	0	1	0	0	0	0	0	0	0	0	0	0	0	0	0	0	0
OTU_526	0	0	0	0	0	0	0	0	0	0	0	0	0	0	0	0	0	1
OTU_560	1	0	0	0	0	0	0	0	0	0	0	0	0	0	0	0	0	0
OTU_423	0	0	0	0	1	0	0	0	0	0	0	0	0	0	0	0	0	0
OTU_1014	0	0	0	0	0	0	0	0	0	0	0	0	0	0	1	0	0	0
OTU_1290	0	0	0	0	0	0	0	0	0	0	1	0	0	0	0	0	0	0
OTU_768	0	0	0	0	0	0	0	0	0	0	1	0	0	0	0	0	0	0
OTU_1238	0	0	0	0	0	0	0	0	0	0	0	1	0	0	0	0	0	0
OTU_849	0	0	0	0	0	0	0	0	0	0	0	0	0	0	1	0	0	0
OTU_755	0	0	1	0	0	0	0	0	0	0	0	0	0	0	0	0	0	0
OTU_355	0	0	1	0	0	0	0	0	0	0	0	0	0	0	0	0	0	1
OTU_486	0	0	0	0	0	0	0	0	0	0	0	0	0	0	1	0	0	0
OTU_1195	0	0	0	0	0	0	0	1	0	0	0	0	0	0	0	0	0	0
OTU_745	0	0	0	0	2	0	0	1	0	0	0	0	0	0	0	0	0	1
OTU_1294	0	0	0	0	0	0	0	0	0	0	0	0	1	0	0	0	0	0
OTU_757	0	0	0	0	0	0	0	0	0	1	0	0	0	0	0	0	0	0
OTU_999	1	0	0	0	0	0	0	0	0	0	0	0	0	0	0	0	0	0
OTU_630	0	0	0	0	0	0	0	0	0	0	0	0	0	0	0	0	0	1
OTU_454	0	0	0	0	1	0	0	0	0	0	0	0	0	0	0	0	0	0
OTU_506	0	0	0	0	0	0	0	0	0	0	0	1	0	0	1	0	0	0
OTU_947	0	0	0	0	0	0	0	0	0	0	0	0	0	0	0	0	0	1
OTU_1142	0	0	0	0	0	0	0	0	0	0	1	0	0	0	0	0	0	0
OTU_1315	0	0	0	0	0	0	0	0	0	0	0	0	0	0	0	0	0	1
OTU_564	0	0	0	0	1	0	0	0	0	0	0	0	0	0	0	0	0	0
OTU_1144	0	0	0	0	0	0	0	0	0	1	0	0	0	0	0	0	0	0
OTU_1309	0	0	0	0	0	0	0	0	0	1	0	0	0	0	0	0	0	0
OTU_1145	0	0	0	0	0	0	1	0	0	0	0	0	0	0	0	0	0	0
OTU_665	0	0	0	0	1	0	0	0	0	0	0	0	0	0	0	0	0	0
OTU_1314	0	0	0	0	0	0	0	0	0	1	0	0	0	0	0	0	0	0
OTU_1316	0	0	0	0	0	0	0	0	0	0	0	0	0	0	1	0	0	0
OTU_874	0	0	0	0	0	1	0	0	0	0	0	0	0	0	0	0	0	0
OTU_945	0	0	0	0	0	0	1	0	0	0	0	0	0	0	0	0	0	0
OTU_1112	0	0	0	0	0	0	1	0	0	0	0	0	0	0	0	0	0	0
OTU_1295	0	0	0	0	0	0	0	0	0	0	1	0	0	0	0	0	0	0
OTU_777	0	0	0	0	0	0	0	0	0	1	0	0	0	0	0	0	0	0
OTU_1132	0	0	0	0	0	1	0	0	0	0	0	0	0	0	0	0	0	0
OTU_424	0	0	0	0	1	0	0	0	0	0	0	0	0	0	0	0	0	0
OTU_1236	0	1	0	0	0	0	0	0	0	0	0	0	0	0	0	0	0	0
OTU_996	0	0	0	0	0	0	2	0	0	0	0	0	0	0	0	0	0	0
OTU_632	0	0	0	0	0	0	0	0	0	0	0	0	1	0	0	0	0	0
OTU_1234	0	0	0	0	1	0	0	0	0	0	0	0	0	0	0	0	0	0
OTU_1188	0	0	1	0	0	0	0	0	0	0	0	0	0	0	0	0	0	0
OTU_512	0	0	0	0	0	0	0	0	0	0	0	0	0	0	0	0	0	1
OTU_906	0	0	0	0	0	0	0	0	0	0	0	0	0	0	0	0	0	1
OTU_1332	0	0	0	0	0	0	0	0	0	0	0	0	0	0	1	0	0	0
OTU_912	0	0	0	0	1	0	0	0	0	0	0	0	0	0	0	0	0	0
OTU_625	0	0	0	0	0	0	0	1	0	0	0	0	0	0	0	0	0	0
OTU_427	0	0	0	0	0	0	0	0	0	0	0	0	0	1	0	0	0	0
OTU_703	0	0	0	0	0	0	0	1	0	0	0	0	0	0	0	0	0	0
OTU_817	0	0	0	0	0	0	0	0	0	0	0	0	0	0	1	0	0	0
OTU_550	0	0	0	0	0	1	0	0	0	0	0	0	0	0	0	0	0	0
OTU_648	0	0	0	0	0	0	0	0	0	0	0	0	0	0	1	0	0	0
OTU_468	0	0	0	0	0	0	0	0	0	0	0	0	0	0	1	0	0	0
OTU_628	0	0	0	0	0	0	0	0	0	0	0	0	0	0	0	0	1	0
OTU_586	0	0	0	0	0	0	0	0	0	0	0	0	0	0	1	0	0	0
OTU_891	0	1	0	0	0	0	0	0	0	0	0	0	0	0	0	0	0	0
OTU_1008	0	0	0	0	0	0	0	0	0	0	0	0	0	0	0	0	0	1
OTU_816	0	1	0	0	0	0	0	0	0	0	0	0	0	0	0	0	0	0
OTU_1333	0	0	0	0	0	0	0	0	0	0	0	0	0	0	1	0	0	0
OTU_1233	0	0	0	0	0	0	0	1	0	0	0	0	0	0	0	0	0	0
OTU_1110	0	0	0	0	0	0	1	0	0	0	0	0	2	0	0	0	0	0
OTU_1033	0	0	0	0	0	0	0	0	0	0	0	0	0	0	1	0	0	0
OTU_475	0	0	0	0	0	0	0	0	0	0	0	0	0	0	0	0	0	1
OTU_1129	0	0	0	0	0	0	0	1	0	0	0	0	0	0	0	0	0	0
OTU_1321	0	0	0	0	0	0	0	0	0	0	0	0	0	0	0	1	0	0
OTU_836	0	0	0	0	0	0	0	0	0	0	0	0	0	0	1	0	0	0
OTU_1322	0	0	0	0	0	0	0	0	0	0	0	0	0	0	0	0	1	0
OTU_1152	0	0	0	0	0	0	0	1	0	0	0	0	0	0	0	0	0	0
OTU_1056	0	0	0	0	1	0	0	0	0	0	0	0	0	0	0	0	0	1
OTU_430	0	0	0	0	0	0	0	0	1	0	0	0	0	0	0	0	0	0
OTU_737	0	0	0	0	0	0	0	0	0	0	0	1	0	0	0	0	0	0
OTU_975	0	0	0	0	0	0	0	0	0	0	0	0	0	0	0	0	0	1
OTU_551	0	0	0	0	0	1	0	0	0	0	0	0	0	0	0	0	0	0
OTU_848	0	0	0	0	0	0	1	0	0	0	0	0	0	0	0	0	0	0
OTU_740	0	0	0	0	0	0	0	0	0	0	1	0	0	0	0	0	0	0
OTU_1201	0	0	0	0	0	1	0	0	0	0	0	0	0	0	0	0	0	0
OTU_847	0	0	0	0	0	0	0	0	0	0	0	0	0	0	0	0	0	1
OTU_1260	0	0	0	0	0	0	0	0	0	0	0	0	0	0	0	0	1	0
OTU_1095	0	0	0	0	0	0	0	1	0	0	0	0	0	0	0	0	0	0
OTU_405	0	0	0	0	0	0	0	0	0	0	0	0	1	0	0	0	0	0
OTU_1007	0	0	0	0	0	0	0	0	0	0	0	0	0	1	0	0	0	0
OTU_905	0	0	0	0	0	0	1	0	0	0	0	0	0	0	0	0	0	0
OTU_649	0	0	0	0	0	0	0	1	0	0	0	0	1	0	0	0	0	0
OTU_914	0	0	0	0	0	0	1	0	0	0	0	0	0	0	0	0	0	0
OTU_403	0	0	0	0	0	0	0	0	0	0	0	0	0	0	1	0	0	0
OTU_1127	0	0	0	0	0	0	0	1	0	0	0	0	0	0	0	0	0	0
OTU_581	0	0	0	0	0	0	0	0	0	0	0	0	0	0	1	0	0	0
OTU_1062	0	0	0	0	0	0	0	0	1	0	0	0	0	0	0	0	0	0
OTU_990	0	0	0	0	0	0	0	0	0	0	0	0	1	0	0	0	0	0
OTU_915	0	0	0	0	0	0	0	0	0	0	0	0	0	1	0	0	0	0
OTU_991	0	0	0	0	0	0	0	0	0	0	0	0	0	0	1	0	0	0
OTU_872	0	0	0	0	0	0	0	0	0	1	0	0	0	0	0	0	0	0
OTU_713	0	0	0	0	0	0	0	0	0	0	0	0	0	0	0	0	1	0
OTU_837	0	0	0	0	0	0	0	0	0	0	0	1	0	0	0	0	0	0
OTU_746	0	0	0	0	1	0	0	0	0	0	0	0	0	0	0	0	0	0
OTU_868	0	0	0	0	0	0	0	0	1	0	0	0	0	0	0	0	0	0
OTU_1282	1	0	0	0	0	0	0	0	0	0	0	0	0	0	0	0	0	0
OTU_627	0	0	0	0	0	0	0	0	0	0	0	0	0	0	0	0	1	0
OTU_869	0	0	0	0	0	0	0	0	0	0	0	0	0	0	0	0	0	1
OTU_1235	0	0	0	1	0	0	0	0	0	0	0	0	0	0	0	0	0	0
OTU_974	0	0	0	0	0	0	0	0	0	0	0	0	0	0	0	0	0	1
OTU_536	0	0	0	0	1	0	0	0	0	0	0	0	0	0	0	0	0	0
OTU_656	0	0	0	0	0	0	0	0	0	0	0	0	0	0	0	0	0	1
OTU_1167	0	0	0	0	0	1	0	0	0	0	0	0	0	0	0	0	0	0
OTU_1280	0	0	0	0	0	0	0	0	0	0	0	0	0	0	1	0	0	0
OTU_1064	0	0	0	0	0	0	1	0	0	0	0	0	0	0	0	0	0	0
OTU_772	0	0	0	0	0	0	0	0	0	0	0	0	1	0	0	0	0	0
OTU_1057	0	0	0	0	0	0	0	0	0	0	0	0	0	0	1	0	0	0
