OTUId	Phylum	B1	B1-1D	B1-1L	B1-1R	B1-1U	B1-2D	B1-2L	B1-2R	B1-2U	B1-3D	B1-3L	B1-3R	B1-3U	B1-4D	B1-4L	B1-4R	B1-4U	B1-5D	B1-5L	B1-5R	B1-5U	B2	B2-1D	B2-1L	B2-1R	B2-1U	B2-2D	B2-2L	B2-2R	B2-2U	B2-3D	B2-3L	B2-3R	B2-3U	B2-4D	B2-4L	B2-4R	B2-4U	B2-5D	B2-5L	B2-5R	B2-5U	B3	B3-1D	B3-1L	B3-1R	B3-1U	B3-2D	B3-2L	B3-2R	B3-2U	B3-3D	B3-3L	B3-3R	B3-3U	B3-4D	B3-4L	B3-4R	B3-4U	B3-5D	B3-5L	B3-5R	B3-5U	T0-0	T0-1D	T0-1L	T0-1R	T0-1U	T0-2D	T0-2L	T0-2R	T0-2U	T0-3D	T0-3L	T0-3R	T0-3U	T0-4D	T0-4L	T0-4R	T0-4U	T0-5D	T0-5L	T0-5R	T0-5U	T0-6D	T0-6L	T0-6R	T0-6U	T1	T1-1D	T1-1L	T1-1R	T1-1U	T1-2D	T1-2L	T1-2R	T1-2U	T1-3D	T1-3L	T1-3R	T1-3U	T1-4D	T1-4L	T1-4R	T1-4U	T1-5D	T1-5L	T1-5R	T1-5U	T1-6D	T1-6L	T1-6R	T1-6U	HA0	DL1	UL1	UR1	DR1	UL5	UR5	DR5	DL5	DR10	UR10	UL10	DL10	DL30	DR30	UR30	UL30	DL75	DR75	UL75	UR75																																																																																			
	[Parvarchaeota] 汇总	2	3	0	6	4	2	1	2	3	7	2	1	0	2	2	1	26	1	1	0	21	2	12	20	12	5	6	12	7	8	4	10	15	13	1	1	5	17	4	3	1	6	3	2	9	6	8	9	2	4	2	1	6	6	15	2	1	3	6	1	3	1	11	1	0	1	1	0	1	3	2	1	5	0	0	2	1	2	5	1	1	3	1	4	0	2	2	2	4	0	9	4	6	2	6	1	4	2	0	4	4	0	0	5	1	3	2	1	4	1	5	1	8	1	0	0	16	0	3	0	1	9	2	10	4	0	0	17	20	7	0	0	12	27																																																																																			
	[Thermi] 汇总	0	0	0	0	0	0	0	0	0	1	0	0	1	0	0	0	0	0	0	0	0	0	0	0	0	0	0	1	0	1	0	1	0	0	0	0	1	0	1	3	0	3	1	0	0	0	0	2	0	1	0	0	27	0	1	1	0	0	0	1	2	1	3	12	9	9	7	9	7	18	3	8	20	19	9	20	11	6	7	4	11	12	5	8	10	12	5	23	5	3	12	7	8	2	8	4	8	4	3	5	14	12	6	7	4	8	20	1	6	5	19	2	3	1	0	2	0	0	3	0	0	1	6	7	3	0	0	5	16	0	0	0	2	0																																																																																			
	AC1 汇总	0	0	0	0	0	0	0	0	0	0	0	0	0	0	0	0	0	0	0	0	0	0	0	0	0	0	0	0	0	0	0	0	0	0	0	0	0	0	0	0	0	0	0	0	0	0	0	0	0	0	0	0	0	0	0	0	0	0	0	0	0	0	0	0	0	0	0	0	0	0	0	0	0	0	0	0	0	0	0	0	0	0	0	1	0	0	0	0	0	0	0	0	0	0	0	0	0	0	0	0	0	0	0	0	0	0	0	0	0	0	0	0	0	0	0	0	0	0	0	0	0	0	0	0	0	0	0	0	0	0	0	0	0	0																																																																																			
	Acidobacteria 汇总	6530	5863	4481	8353	11739	13285	6866	7306	16664	9383	5175	10418	8693	9440	8403	6070	9971	8748	7667	4073	12010	3115	10099	8948	8043	5657	8523	10617	6108	7016	10097	8892	5983	11355	4553	5072	4906	14590	7804	5226	7433	8098	9706	7001	4982	7923	7975	8952	5073	5219	5130	6293	7589	6242	8990	4945	4398	10928	7482	11239	6764	8548	5835	5676	5911	7506	6199	4314	8109	7618	8488	7647	8746	8041	8549	6210	9797	7135	9588	4446	5124	7364	11819	6874	6205	4898	7524	8729	11469	2659	13777	8479	9704	7155	11823	7275	11746	8110	4194	10056	16463	6127	11235	6957	8028	12713	10909	7822	8889	2857	14499	3591	10755	11461	12365	22294	19846	16239	10129	9891	14098	19620	22158	20526	13366	8251	5923	13834	25004	11840	9575	8459	10875	17846																																																																																			
	Actinobacteria 汇总	9306	9952	13248	9897	9525	14325	12076	11907	9304	14018	9325	10633	10912	12195	9347	10441	11555	9536	11024	6130	16849	5362	12181	7100	10746	13734	6935	11719	8071	12103	12227	8457	5057	12734	10539	7850	7952	12626	13207	8062	10351	14968	7409	7277	7161	12206	11852	11281	7402	11862	7435	10589	14213	8445	11770	14142	9767	12190	10650	12257	10445	11015	14531	8479	10713	13316	10460	7517	13221	13146	15880	12597	19465	15281	10174	13066	17931	12488	11778	9094	10643	18232	11753	10412	11243	9551	11313	17323	9158	8298	26464	11854	14761	11786	16667	12855	13477	14249	9062	13225	17463	9685	14369	8607	11498	15613	15983	9514	14817	4918	23180	6149	11857	6786	3006	15615	2695	2144	11122	2065	3127	1404	3727	5018	6922	8207	2877	3366	5326	6790	1790	4949	3700	927																																																																																			
	AD3 汇总	8	17	29	13	9	15	42	66	156	32	3	99	366	20	6	62	9	0	3	8	176	2	0	8	0	0	2	1	0	1	0	9	1	3	0	0	8	3	1	1	30	44	6	6	26	34	21	13	8	7	27	12	7	28	41	106	7	80	9	8	4	27	23	407	326	344	770	255	599	248	864	254	809	319	41	500	69	132	88	68	337	197	62	53	189	144	265	193	90	40	281	49	88	119	116	224	1055	218	77	65	137	49	820	234	150	131	76	61	941	186	551	80	99	853	422	2757	377	501	757	58	51	586	222	155	1050	229	233	405	354	203	384	221	460	230																																																																																			
	Aquificae 汇总	0	0	0	0	0	0	0	0	0	0	0	0	0	0	0	0	0	0	0	0	0	0	0	0	2	0	0	0	0	0	0	0	0	0	0	0	0	0	1	0	0	0	0	0	0	0	0	0	0	0	0	0	548	0	0	0	0	0	0	0	0	0	0	0	3	0	0	0	1	0	0	0	0	0	0	0	0	0	3	0	0	0	4	0	0	0	0	0	1	0	1	0	3	0	0	1	1	0	0	0	22	0	0	0	0	0	0	0	0	0	0	0	0	0	0	0	0	0	0	0	0	0	0	0	0	0	0	0	0	0	0	0	0	0																																																																																			
	Armatimonadetes 汇总	123	98	100	115	113	170	156	314	194	233	97	152	190	161	112	57	122	66	59	27	309	48	166	140	141	93	107	87	78	54	125	98	64	198	25	43	67	228	72	54	100	1044	198	148	136	189	156	125	72	119	80	97	201	95	127	120	104	273	161	287	156	98	153	235	340	313	210	210	406	435	349	268	451	498	360	290	457	301	263	183	296	462	412	166	359	248	345	363	513	92	631	282	483	322	406	332	332	329	128	255	459	262	307	191	336	326	415	247	371	80	539	160	304	114	108	227	468	278	182	50	166	389	215	342	105	48	95	425	1014	401	89	340	98	146																																																																																			
	Bacteroidetes 汇总	3896	2997	5319	1788	2001	3110	2629	5777	4251	3525	2650	3770	2877	2202	1794	2911	2794	3057	2134	1862	4590	2398	5832	4499	7462	4217	2936	4575	4168	4510	6787	1990	2917	3626	2265	2982	2421	4731	4266	4235	2483	2729	3362	3091	2534	3406	2662	4082	2156	2950	1615	2889	3814	2343	1645	1237	2997	3506	2449	8210	4144	2682	3767	4314	4616	5553	3027	3302	5216	5295	6225	6017	5610	7381	4436	7061	8071	4459	3557	3086	4334	7616	6768	5171	3913	3899	4965	7715	5212	2538	10938	3577	7274	3865	10430	4147	4783	4241	3783	2898	7183	4770	5614	3927	5717	6853	7620	3322	5506	1758	9047	5044	6075	529	845	2295	2913	664	2080	668	1376	1377	928	3405	2046	705	1139	3752	3972	2200	327	5474	970	1741																																																																																			
	BHI80-139 汇总	0	1	0	3	2	3	2	1	0	0	1	1	0	1	3	2	3	2	2	2	1	2	5	2	1	0	0	3	0	2	3	2	0	5	1	2	4	4	1	0	1	5	4	1	1	1	5	2	2	1	1	1	1	0	3	5	1	14	1	0	1	0	4	9	8	3	3	2	4	1	6	2	7	5	5	3	4	0	6	1	5	5	6	4	5	2	7	3	4	1	9	4	8	4	8	12	6	5	1	7	8	6	4	7	6	7	3	3	4	1	4	3	2	2	1	17	40	7	7	1	5	0	11	2	3	5	2	18	20	13	5	4	19	7																																																																																			
	BRC1 汇总	20	11	10	4	12	15	14	13	26	15	7	26	12	9	9	5	14	9	10	2	32	5	15	6	10	9	10	8	6	10	11	12	3	13	5	5	9	16	3	9	1	10	10	9	5	7	6	8	5	7	4	7	17	2	9	8	5	19	7	24	8	3	5	6	11	5	7	6	8	9	7	4	12	10	6	6	8	2	6	5	2	10	7	9	4	5	6	12	15	1	12	6	12	6	15	9	10	9	1	2	8	7	8	8	6	9	9	1	9	4	9	2	10	0	1	0	18	0	1	1	2	1	3	2	0	0	3	26	4	0	0	0	9	8																																																																																			
	Caldiserica 汇总	0	0	0	0	0	0	0	0	0	0	0	0	0	0	0	0	0	0	0	0	0	0	0	0	0	0	0	0	0	0	0	0	0	0	0	0	0	0	0	0	0	0	0	0	0	0	0	0	0	0	0	0	0	0	0	0	0	0	0	0	0	0	0	0	0	0	0	0	0	0	0	0	0	0	0	0	0	0	0	0	0	0	0	0	0	0	0	0	0	0	0	0	0	0	0	0	0	0	0	0	0	0	0	0	0	0	0	0	0	0	0	0	0	0	0	0	0	0	0	0	0	0	0	0	0	0	0	0	0	0	0	0	0	0																																																																																			
	Chlamydiae 汇总	133	66	57	77	52	57	70	98	108	79	42	111	8	38	58	33	94	39	139	61	291	4	49	56	26	42	46	65	32	49	27	58	24	20	41	55	55	179	59	83	57	61	24	19	30	8	28	29	9	13	11	13	38	18	46	32	22	139	23	80	31	61	32	11	15	18	22	9	23	21	16	11	20	19	21	10	3	17	15	12	11	26	39	12	11	7	2	5	32	12	57	40	57	27	58	4	45	13	11	24	48	41	73	22	33	48	10	18	28	5	46	21	27	46	18	33	236	108	96	71	44	309	161	329	31	101	48	1500	409	180	25	67	45	251																																																																																			
	Chlorobi 汇总	71	30	31	20	34	107	27	77	45	84	57	51	69	56	26	19	45	64	54	22	74	31	76	46	73	50	58	65	46	31	68	17	42	65	24	48	18	74	69	25	55	39	44	69	51	59	38	47	34	21	14	31	72	42	20	17	23	53	23	110	22	45	38	26	30	20	30	18	33	33	53	16	47	33	17	20	19	14	20	12	24	54	48	19	26	11	54	28	43	12	68	39	85	17	67	46	55	23	14	18	47	31	37	15	29	37	33	13	43	6	60	9	28	57	14	229	235	64	254	163	142	38	136	482	158	144	69	87	393	317	76	185	43	52																																																																																			
	Chloroflexi 汇总	1687	2077	1403	2889	2476	2869	1740	1959	3412	2709	2380	2809	2390	2241	1606	1775	2309	1681	2408	1068	3548	775	2308	1278	2025	1838	1798	2199	1804	1863	2119	1777	1086	2029	983	950	1364	2741	1636	1240	2237	2979	2117	1487	1120	2562	2159	1873	1200	1756	1257	2010	2111	1190	2597	2801	1180	3279	1582	2999	1756	2237	1832	2488	2408	2850	2000	1687	3253	3574	3911	2828	3458	3554	2561	2362	4004	2608	2796	1637	2189	3432	2857	2040	2796	1981	2866	3199	4361	1119	5470	3910	4244	2636	5453	3186	3592	3045	1864	2663	4209	2048	4753	1870	2522	3628	3583	2000	3505	1112	5692	1647	3029	1808	1130	4445	1680	1128	1581	562	575	1723	1794	1301	1635	634	498	1606	2839	1202	1186	870	1199	1076																																																																																			
	Crenarchaeota 汇总	667	1613	146	2949	883	635	829	735	689	1626	107	1670	607	1732	1069	992	2649	661	165	305	2578	484	2711	1799	1374	1873	1640	2041	1650	1783	2138	3047	1857	1994	898	588	1938	1630	220	1184	2838	2535	5499	1614	2540	2164	3933	2894	1764	2094	2086	2066	2746	1454	2390	2036	4240	1652	1254	2235	765	1990	4357	1572	1552	1604	519	1161	2361	2424	2809	1468	1246	1658	1456	1550	1072	1010	1211	778	1210	1902	2207	1602	1091	1236	1612	1949	2428	680	4114	1600	3869	1923	4316	1351	4015	1754	1425	2790	3604	1388	2256	1380	1719	2226	2000	1749	3296	503	4768	911	3422	446	124	292	889	293	157	202	227	1483	139	692	505	14	61	514	2388	873	94	122	484	549																																																																																			
	Cyanobacteria 汇总	51	24	35	31	42	64	54	34	52	51	19	45	23	26	32	40	73	39	36	530	138	15	34	38	30	28	11	18	16	18	19	44	18	74	21	26	17	409	39	10	62	2750	114	24	44	47	96	79	24	62	18	47	84	17	102	149	183	79	47	59	216	46	603	794	3384	1839	1131	1420	3329	2243	957	2682	1760	5636	3839	2441	3399	1634	1508	1211	2350	1814	4069	1963	2116	2272	2054	3720	3661	206	3742	2848	5746	2416	4934	1213	2355	1024	1626	475	10938	2309	1252	1408	1895	2068	6331	1541	1520	424	4637	1319	4425	1757	36	459	251	21	100	17	41	45	51	54	37	18	14	89	129	64	10	13	64	35																																																																																			
	Deferribacteres 汇总	0	0	0	0	0	0	0	0	0	0	0	0	0	0	0	0	0	0	0	0	0	0	0	0	0	0	0	0	0	0	0	0	0	0	0	0	0	0	0	0	0	0	0	0	0	0	0	0	0	0	0	0	1	0	0	0	0	0	0	0	0	0	0	0	0	0	0	0	0	0	0	0	0	0	0	0	0	0	0	0	0	0	0	0	0	0	0	0	0	0	0	0	0	0	0	0	0	0	0	0	0	0	0	0	0	0	0	0	0	0	0	0	0	0	0	0	0	0	0	0	0	0	0	0	0	0	0	0	1	0	0	0	0	0																																																																																			
	Dictyoglomi 汇总	0	0	0	0	0	0	0	0	0	0	0	0	0	0	0	0	0	0	0	0	0	0	0	0	0	0	0	0	0	0	0	0	0	0	0	0	0	0	0	0	0	0	0	0	0	0	0	0	0	0	0	0	4	0	0	0	0	0	0	0	0	0	0	0	0	0	0	0	0	0	0	0	0	0	0	0	0	0	0	0	0	0	0	0	0	0	0	0	0	0	0	0	0	0	0	0	0	0	0	0	0	0	0	0	0	0	0	0	0	0	0	0	0	0	0	0	0	0	0	0	0	0	0	0	0	0	0	0	0	0	0	0	0	0																																																																																			
	Elusimicrobia 汇总	111	132	51	153	84	136	187	180	450	136	78	186	124	111	125	106	131	80	98	45	408	28	114	116	133	104	130	83	57	116	58	154	65	108	35	44	65	80	52	75	67	54	85	75	55	95	74	95	40	56	41	47	59	48	120	44	36	202	115	163	79	69	64	42	35	41	34	21	54	46	66	35	52	60	58	30	79	28	60	18	23	57	116	39	34	26	68	43	81	19	84	45	125	66	86	58	76	63	21	30	126	40	97	32	74	78	87	39	46	11	76	17	66	102	65	286	361	152	113	86	107	435	184	220	90	24	53	183	461	222	32	76	117	114																																																																																			
	EM19 汇总	0	0	0	0	0	0	0	0	0	0	0	0	0	0	0	0	0	0	0	0	0	0	0	0	0	0	0	0	0	0	0	0	0	0	0	0	0	0	0	0	0	0	0	0	0	0	0	0	0	0	0	0	0	0	0	0	0	0	0	0	0	0	0	0	0	0	0	0	0	0	0	0	0	0	0	0	0	0	0	0	0	0	0	0	0	0	0	0	0	0	0	0	0	0	0	0	0	0	0	0	1	0	0	0	0	0	0	0	0	0	0	0	0	0	0	0	0	0	0	0	0	0	0	0	0	0	0	0	0	0	0	0	0	0																																																																																			
	EM3 汇总	0	0	0	0	0	0	0	0	0	0	0	0	0	0	0	0	0	0	0	0	0	0	0	0	0	0	0	0	0	0	0	0	0	0	0	0	0	0	0	0	0	0	0	0	0	0	0	0	0	0	0	0	6	0	0	0	0	0	0	0	0	0	0	0	0	0	0	0	0	0	0	0	0	0	0	0	0	0	0	0	0	0	0	0	0	0	0	0	0	0	0	0	0	0	0	0	0	0	0	0	0	0	0	0	0	0	0	0	0	0	0	0	0	0	0	0	0	0	0	0	0	0	0	0	0	0	0	0	0	0	0	0	0	0																																																																																			
	Euryarchaeota 汇总	1	0	3	3	2	1	5	2	0	1	0	0	0	3	9	6	8	0	0	2	4	0	3	1	0	1	0	0	1	0	0	8	0	0	0	0	2	3	2	0	0	23	5	0	1	0	10	7	0	14	2	2	22	1	8	22	7	3	1	2	3	1	14	28	23	10	14	8	22	20	62	12	71	20	2	10	4	28	11	4	23	47	6	8	2	20	11	19	16	6	30	31	80	24	46	72	86	52	26	17	8	47	29	37	18	29	31	8	15	14	26	10	42	13	4	5	104	4	57	7	7	140	21	51	40	1	2	113	84	96	6	2	42	45																																																																																			
	FBP 汇总	23	2	6	10	11	18	11	9	11	25	1	11	6	8	6	7	20	9	13	4	34	2	8	13	7	2	3	7	3	9	0	14	3	17	1	4	4	31	8	6	12	110	24	8	16	48	24	22	23	17	11	19	12	14	26	27	45	32	19	17	30	26	18	285	246	171	170	317	182	151	312	246	253	299	119	211	305	118	101	69	151	164	199	294	141	268	115	266	93	43	361	109	204	132	470	131	192	187	98	107	283	269	149	154	131	297	247	127	93	52	398	66	409	0	0	1	3	0	0	0	0	0	2	1	1	0	0	9	0	1	0	1	3	1																																																																																			
	FCPU426 汇总	0	0	0	1	0	0	0	0	0	0	0	0	0	0	0	0	0	0	0	0	0	0	2	1	2	0	0	0	0	0	0	0	0	0	0	0	0	0	0	0	0	0	0	0	0	0	0	1	0	0	0	0	0	0	0	0	0	1	0	0	0	0	0	0	1	0	0	0	0	0	0	0	0	0	0	0	0	0	0	0	0	0	0	0	0	0	0	0	0	0	0	0	0	0	0	0	0	0	0	0	0	0	0	0	0	0	0	0	0	0	0	0	0	38	19	86	40	96	28	19	35	205	62	45	43	7	26	59	206	66	13	41	58	72																																																																																			
	Fibrobacteres 汇总	1	2	1	3	4	2	4	1	4	5	5	8	2	1	6	5	7	2	2	0	5	0	6	6	3	10	5	8	7	5	4	7	1	13	6	6	4	9	11	12	7	10	7	4	3	10	6	5	0	5	1	5	10	5	9	8	15	20	12	11	12	12	5	46	35	34	39	14	38	55	36	24	62	75	33	28	26	38	41	25	43	40	40	7	17	39	30	45	80	7	78	37	109	43	99	71	50	46	22	28	66	47	47	26	51	50	37	27	39	17	55	4	37	4	1	0	31	28	2	24	25	146	13	55	18	4	0	41	70	28	0	13	20	8																																																																																			
	Firmicutes 汇总	177	289	187	210	255	327	418	214	373	217	165	308	247	898	320	219	191	155	186	71	592	136	166	142	300	219	179	373	170	401	426	174	214	352	83	166	264	820	603	103	326	171	1503	1149	486	315	573	456	535	312	646	292	1839	226	502	649	582	1604	341	2827	364	279	220	53	175	147	99	151	727	502	220	203	253	352	48	129	82	188	350	40	555	807	212	913	388	48	291	366	89	109	822	199	159	449	570	1824	113	873	764	95	370	298	415	91	240	211	136	101	219	65	387	41	85	1062	37	100	43	25	32	25	17	8051	68	132	28	617	21	111	126	84	14907	33	65	40																																																																																			
	Fusobacteria 汇总	0	0	0	0	0	0	0	0	0	0	0	0	0	0	0	0	0	0	0	0	0	0	0	0	0	0	0	0	0	0	0	0	0	0	0	0	0	0	0	0	0	0	0	0	0	0	0	0	0	0	0	0	0	0	0	0	0	0	0	0	0	0	0	0	0	0	0	0	0	0	0	0	0	0	0	0	0	0	0	0	0	0	0	0	0	0	0	0	0	0	0	0	0	0	0	0	0	0	0	0	0	0	0	0	0	0	0	0	0	0	0	0	0	0	0	0	0	0	0	0	0	0	0	0	0	0	0	0	0	0	0	0	0	0																																																																																			
	GAL15 汇总	0	0	0	6	1	0	0	1	1	1	0	0	2	1	0	0	2	5	0	0	2	0	1	1	0	1	4	4	3	3	2	0	2	1	0	2	2	11	1	0	1	0	0	0	0	0	1	2	0	2	0	0	0	0	0	1	0	0	0	0	0	3	1	0	0	0	0	0	2	1	0	1	2	0	0	0	0	1	0	0	0	0	0	0	0	0	0	0	0	0	0	0	0	0	0	1	11	0	0	0	0	0	1	2	0	0	0	0	1	0	0	0	0	199	43	714	273	104	62	20	9	49	67	54	169	19	65	335	273	69	29	199	83	128																																																																																			
	Gemmatimonadetes 汇总	1146	1475	2676	1417	1313	2225	2977	2784	1585	2500	1543	2411	1968	2920	2301	1803	2578	752	1211	854	2857	380	1477	1214	918	1105	932	1103	441	876	795	1363	568	3323	476	621	902	2531	734	881	1503	1654	1645	1822	1423	2050	1772	2203	1506	1520	1281	1643	2005	1587	1884	1238	1259	3637	2246	3663	1941	1549	2219	1872	2039	2439	1933	1415	3055	2310	2783	1831	3715	2551	1240	2498	3125	1922	1588	1253	1876	3120	1473	1436	1917	1479	1670	2656	1644	902	4247	2075	2783	1876	3495	3125	3463	2221	934	1908	2460	1848	2481	1888	1378	2699	2236	1784	2445	766	4356	504	1654	252	198	555	762	353	368	147	309	199	412	528	277	176	157	878	810	398	166	706	318	318																																																																																			
	GN02 汇总	17	8	5	8	9	10	20	21	17	6	6	10	3	6	1	7	21	4	5	1	25	11	18	17	25	10	21	15	9	9	12	6	11	3	4	2	10	19	7	6	2	12	4	4	2	11	3	3	0	9	11	4	12	3	6	4	6	5	2	9	11	2	9	1	27	2	12	2	6	5	30	5	44	7	5	9	7	2	2	5	7	20	19	6	3	3	5	7	8	4	36	4	6	3	3	1	13	12	4	0	10	5	12	5	7	3	7	4	10	0	10	3	8	4	1	8	15	4	5	1	0	18	1	28	1	0	1	27	22	8	0	2	7	27																																																																																			
	GN04 汇总	0	0	0	10	0	0	0	0	3	0	0	0	1	0	0	0	0	7	0	0	8	0	0	1	0	0	9	0	5	0	3	0	5	0	0	0	0	0	0	0	0	0	0	0	0	0	0	0	0	0	0	0	1	0	0	0	0	0	0	0	0	0	0	0	0	0	0	0	0	0	0	0	0	0	0	0	0	0	0	0	0	0	0	0	0	0	0	0	0	0	0	0	0	0	0	0	0	0	0	0	0	0	0	0	0	0	0	0	0	0	0	0	0	0	0	0	4	0	0	0	0	0	0	0	0	0	0	59	0	0	0	0	3	13																																																																																			
	GOUTA4 汇总	5	6	0	0	7	3	0	6	2	6	12	7	4	0	5	0	0	0	0	0	2	0	1	0	3	2	3	1	2	1	1	0	1	0	0	3	0	3	0	0	4	0	0	0	0	0	3	0	0	0	1	0	1	2	0	1	0	0	1	0	0	1	1	0	0	0	0	0	0	0	0	0	0	0	0	0	0	0	0	0	0	0	0	0	0	0	0	0	0	0	0	0	0	0	0	0	0	0	0	0	0	0	0	0	0	0	0	0	0	0	0	0	0	0	0	0	0	0	0	0	0	0	0	0	0	0	0	9	0	0	0	0	0	0																																																																																			
	Hyd24-12 汇总	0	0	0	0	0	0	0	0	0	0	0	0	0	0	0	0	0	0	0	0	0	0	0	0	0	0	0	0	0	0	0	0	0	0	0	0	0	0	0	0	0	0	0	0	0	0	0	0	0	0	0	0	0	0	0	0	0	0	0	0	0	0	0	0	0	0	0	0	0	0	0	0	0	0	0	0	0	0	0	0	0	0	0	0	0	0	0	0	0	0	0	0	0	0	0	0	0	0	1	0	0	0	0	0	0	0	0	0	0	0	0	0	0	0	0	0	0	0	0	0	0	0	0	0	0	0	0	0	0	0	0	0	0	0																																																																																			
	Kazan-3B-28 汇总	12	1	0	1	0	0	1	0	0	0	0	1	0	0	0	0	0	0	0	0	2	0	3	0	3	2	0	0	2	1	4	0	0	0	1	0	0	0	1	0	1	0	1	0	0	0	1	0	0	0	0	0	0	0	1	0	0	0	2	2	0	0	0	0	0	0	0	0	0	0	0	0	0	0	0	0	0	0	0	0	0	0	0	0	0	0	0	0	0	0	0	0	0	0	2	0	1	0	0	0	1	0	0	0	0	0	0	0	0	0	0	0	0	0	0	0	0	0	0	0	0	0	0	2	0	0	0	10	0	0	0	0	0	0																																																																																			
	Lentisphaerae 汇总	0	0	0	0	0	0	0	0	0	0	0	0	0	0	0	0	0	0	0	0	0	0	0	0	0	0	0	0	0	0	0	0	0	0	0	0	0	0	0	0	0	0	0	0	0	0	0	0	0	0	0	0	0	0	0	0	0	0	0	0	0	0	0	0	0	0	0	0	0	0	0	0	0	0	0	0	0	0	0	0	0	0	0	0	0	0	0	0	0	0	0	0	0	0	0	0	0	0	0	0	0	0	0	0	0	0	0	0	0	0	0	0	0	0	0	0	1	0	0	0	0	0	0	0	0	0	1	0	0	0	0	0	0	0																																																																																			
	MVP-21 汇总	3	1	0	4	1	4	3	1	1	2	1	3	2	1	1	0	5	2	1	0	3	0	0	0	2	1	1	2	0	0	0	1	0	9	0	0	0	2	4	0	9	13	7	1	8	7	8	2	1	4	4	0	4	2	7	7	6	11	5	1	7	6	11	60	96	58	111	23	82	47	95	31	231	58	33	66	35	35	29	10	45	68	36	17	24	35	21	30	23	10	56	8	15	17	17	55	100	20	30	15	43	6	43	24	26	13	41	17	48	23	71	11	27	0	0	0	1	0	2	0	0	0	0	0	0	0	0	0	0	0	0	0	0	0																																																																																			
	NC10 汇总	0	0	0	0	0	0	0	0	0	0	0	0	0	0	0	0	0	0	0	0	0	0	0	0	0	0	0	0	0	0	0	0	0	0	0	0	0	0	0	0	0	0	0	0	0	0	0	1	0	0	0	0	0	0	0	0	0	0	0	0	0	0	0	0	0	0	0	0	0	0	0	0	0	0	0	0	0	1	0	0	0	0	0	0	0	0	0	0	0	0	0	0	0	0	0	0	0	0	1	0	0	0	0	0	0	0	0	0	0	1	0	0	0	3	6	13	13	10	1	3	2	13	4	2	1	0	0	10	3	2	1	5	5	13																																																																																			
	Nitrospirae 汇总	387	334	106	995	802	440	344	603	564	728	234	761	411	786	467	241	759	533	287	78	889	279	728	397	695	384	890	742	602	319	796	813	743	595	249	143	288	1055	425	252	706	175	370	337	474	321	572	380	303	151	351	193	664	354	918	258	160	266	197	287	118	636	388	74	104	117	152	67	129	106	166	62	295	107	49	100	33	95	38	41	118	126	63	23	39	85	115	130	115	46	237	47	99	57	76	116	257	99	51	71	102	32	140	93	167	69	50	30	137	34	261	24	71	950	334	787	634	384	279	138	108	749	202	560	323	278	824	919	657	278	254	369	656	665																																																																																			
	NKB19 汇总	2	2	0	3	4	3	3	1	2	2	5	4	2	1	0	4	5	4	2	0	4	1	8	2	4	4	11	7	6	2	6	1	2	1	1	2	2	3	3	1	1	1	1	0	1	0	0	0	0	2	0	0	2	0	0	0	1	2	0	0	2	2	2	0	0	0	0	0	2	0	1	0	2	0	2	1	0	0	1	0	1	2	0	0	1	0	1	0	3	0	0	0	1	0	2	2	1	0	1	0	1	1	3	1	0	2	0	0	1	0	1	0	0	1	0	0	25	0	1	2	1	0	0	1	1	1	0	36	0	2	0	0	7	4																																																																																			
	OctSpA1-106 汇总	0	0	0	0	0	0	0	0	0	0	0	0	0	0	0	0	0	0	0	0	0	0	0	0	0	0	0	0	0	0	0	0	0	0	0	0	0	0	0	0	0	0	0	0	0	0	0	0	0	0	0	0	5	0	0	0	0	0	0	0	0	0	0	0	0	0	0	0	0	0	0	0	0	0	0	0	0	0	0	0	0	0	0	0	0	0	0	0	0	0	0	0	1	0	0	0	0	0	0	0	0	0	0	0	0	0	0	0	0	0	0	0	0	0	0	0	0	0	0	0	0	0	0	0	0	0	0	0	0	0	0	0	0	0																																																																																			
	OD1 汇总	521	115	126	128	120	59	38	198	127	290	35	154	42	62	81	92	280	41	82	56	491	25	453	371	140	177	182	158	235	128	91	162	114	35	44	91	105	401	156	39	99	99	162	84	124	81	129	86	20	111	53	62	301	87	149	93	85	171	81	76	183	61	113	51	224	44	81	42	61	55	234	47	226	63	54	91	19	30	101	28	45	149	137	44	36	38	7	30	85	19	245	53	83	69	171	22	223	48	52	47	97	78	151	59	95	69	56	81	98	20	176	33	92	335	190	155	1550	141	233	317	123	898	256	2786	237	298	115	642	639	628	81	264	538	596																																																																																			
	OP1 汇总	0	0	0	0	0	0	0	0	0	0	0	0	0	0	0	0	0	0	0	0	0	0	0	0	0	0	0	0	0	0	0	0	0	0	0	0	0	0	0	0	0	0	0	0	0	0	0	0	0	0	0	0	10	0	0	0	0	0	0	0	0	0	0	0	0	0	0	0	0	0	0	0	0	0	0	0	0	0	0	0	0	0	1	0	0	0	0	0	0	0	0	0	0	0	1	0	0	0	0	0	0	0	0	0	0	0	0	0	0	0	0	0	0	0	0	0	0	0	0	0	0	0	0	0	0	0	0	0	0	0	0	0	0	0																																																																																			
	OP11 汇总	22	9	6	6	2	19	5	10	28	14	13	10	2	7	2	4	10	6	5	4	32	3	14	11	17	13	7	9	8	16	10	10	7	4	3	1	2	32	4	6	4	5	4	4	9	5	5	3	2	4	4	1	11	2	7	6	5	5	3	5	5	4	2	5	3	2	4	1	0	1	9	6	4	4	3	6	2	4	5	2	1	4	6	6	4	3	3	0	7	1	6	13	5	1	9	1	5	10	4	4	5	4	10	2	6	5	0	7	1	1	15	2	7	23	2	5	62	7	1	1	1	14	11	32	3	1	1	200	10	9	6	0	64	211																																																																																			
	OP3 汇总	17	22	5	73	17	22	22	21	49	28	8	33	8	26	34	31	64	13	9	10	82	9	27	41	17	25	51	38	25	36	7	40	20	24	13	13	46	33	18	12	17	10	23	12	25	21	18	24	11	12	16	10	20	11	42	17	20	14	17	10	8	12	39	5	8	14	16	3	9	10	27	9	14	17	10	15	10	7	6	5	10	11	19	6	5	7	5	6	29	9	41	27	25	5	33	13	21	16	7	15	15	12	22	13	14	10	8	7	11	9	21	10	15	0	3	0	49	19	1	14	16	28	17	66	6	4	2	56	50	23	1	10	13	19																																																																																			
	OP8 汇总	0	0	0	0	0	0	0	0	0	0	0	0	0	0	0	0	0	0	0	1	0	0	0	0	0	0	0	0	0	0	0	0	0	0	0	0	0	0	0	0	0	0	0	0	0	0	0	0	0	0	0	0	0	0	0	0	0	0	0	0	0	0	0	0	0	0	0	0	0	0	0	0	0	0	0	0	0	0	0	0	0	0	0	0	0	0	0	0	0	0	0	0	0	0	0	0	0	0	0	0	0	0	0	0	0	0	0	0	0	0	0	0	0	1	0	0	0	0	0	0	0	0	0	0	0	0	0	0	0	0	0	0	0	0																																																																																			
	OP9 汇总	0	0	0	0	0	0	0	0	0	0	0	0	0	0	0	0	0	0	0	1	0	0	0	0	0	0	0	0	0	0	0	0	0	0	0	0	0	0	0	0	0	0	0	0	0	0	0	0	0	0	0	0	1	0	0	0	0	0	0	0	0	0	0	0	0	0	0	0	0	0	0	0	0	0	0	0	0	0	0	0	0	0	0	0	0	0	0	0	0	0	0	0	0	0	0	0	0	0	0	0	0	0	0	0	0	0	0	0	0	0	0	0	0	0	0	0	0	0	0	0	0	0	0	0	0	0	0	0	0	0	0	0	0	0																																																																																			
	Planctomycetes 汇总	2013	1306	1516	2149	1770	3003	1818	1191	3215	1789	1442	1737	1361	1306	1524	1665	2852	2473	2103	991	3939	708	2770	2014	2312	2209	1752	3398	1741	2201	3001	2078	1225	2450	1554	1552	1490	2927	2435	1508	1756	1443	2020	1410	944	1535	2351	2303	1302	1878	1117	1862	2255	1169	2711	2821	1213	3892	1996	1879	1949	2069	1736	2059	2247	2314	1969	1546	2695	2491	3005	1879	2526	2518	2489	1901	3891	1892	2329	1075	1718	2056	3521	3055	1979	1331	1956	2421	2747	870	3940	3834	4147	2799	5685	3267	3332	2870	1718	2733	4399	2341	5677	2149	1749	4520	3735	2551	2753	1032	4469	983	2606	741	599	1695	1955	945	1037	298	549	1899	1039	872	1034	347	333	1356	2217	944	326	603	625	687																																																																																			
	Proteobacteria 汇总	18337	17084	25914	12869	17610	22585	13890	26690	16701	18424	20514	18505	21253	16008	11536	14330	13882	24945	17884	7952	23251	8800	20188	19584	20102	16513	12127	21490	14148	15166	24145	10369	11314	18574	14348	14932	10942	27070	25127	15680	11591	10125	11412	11806	11218	12915	14481	17731	13590	10032	8603	12957	20325	10789	13809	12552	10801	18806	13431	25317	14338	12170	13595	7194	9403	10205	6304	6006	11825	10850	11142	9754	13018	13741	11679	12307	14662	8207	9908	8523	8599	18090	13213	10673	10284	7114	9036	12964	11327	5098	23765	11457	16459	11549	25614	11020	9382	10405	7424	9147	15438	11166	13622	8856	13195	15455	14806	12695	12520	3754	19313	20565	13672	13445	13692	31303	30687	13100	18649	10081	18131	40322	14023	24808	17365	12952	15931	24664	40966	17291	31254	26753	16752	13090																																																																																			
	SBR1093 汇总	0	2	0	2	4	0	0	0	4	1	0	2	0	0	3	1	6	0	1	0	5	1	3	1	0	0	0	2	0	0	0	3	0	1	0	0	1	17	0	0	3	0	0	0	1	0	1	0	0	0	0	0	0	0	1	0	0	0	0	0	0	3	0	0	0	0	0	0	0	0	0	0	0	0	0	0	0	0	0	0	0	0	0	0	0	0	0	0	0	0	0	0	0	0	0	0	0	0	0	0	0	0	0	0	0	0	0	0	0	0	0	0	0	5	2	4	2	0	3	0	0	6	1	4	1	0	1	4	11	2	1	2	4	8																																																																																			
	SC4 汇总	0	0	0	0	0	0	0	0	0	0	0	0	0	0	0	0	0	0	0	0	0	0	0	0	0	0	0	0	0	0	0	0	0	0	0	0	0	0	0	0	0	0	0	0	0	0	0	0	0	0	0	0	0	0	0	0	0	0	0	0	0	0	0	0	0	0	0	0	0	0	0	0	0	0	0	0	0	0	0	0	0	0	0	0	0	0	0	0	0	0	0	0	0	0	0	0	0	0	0	0	0	0	0	0	0	0	0	0	0	0	0	0	0	0	0	1	0	0	0	0	0	0	0	0	0	0	0	0	0	0	0	1	0	4																																																																																			
	Spirochaetes 汇总	2	0	0	0	0	0	1	2	0	0	0	2	0	0	0	0	0	1	0	0	0	0	2	0	0	0	0	0	0	0	0	2	0	0	0	0	0	0	0	2	0	0	0	0	0	0	0	0	0	0	0	0	6	0	0	0	0	0	0	0	1	0	0	0	0	0	0	0	0	0	0	0	3	0	0	0	0	0	0	0	0	0	0	0	0	0	0	0	0	0	0	0	0	0	0	0	0	0	0	0	0	1	0	0	0	1	0	0	1	0	0	0	0	22	13	13	28	10	14	9	9	21	39	64	10	22	51	57	37	33	19	9	48	63																																																																																			
	SR1 汇总	0	1	0	0	0	0	0	0	0	0	1	0	0	1	0	0	0	0	0	0	0	1	4	0	12	0	0	2	0	2	2	2	1	3	1	0	1	0	0	0	0	0	1	0	1	0	0	0	0	2	0	0	3	0	3	0	0	4	1	0	2	0	0	0	0	0	0	0	0	0	1	0	0	0	1	1	0	0	0	0	0	1	0	1	0	0	0	0	1	0	0	0	0	0	0	0	1	0	0	0	0	0	0	0	0	0	0	0	1	0	0	0	0	0	0	0	1	0	0	0	0	0	0	4	1	0	0	2	0	1	0	0	0	5																																																																																			
	Synergistetes 汇总	0	0	0	0	0	0	0	0	0	0	0	0	0	0	0	0	0	0	0	0	0	0	0	0	0	0	0	0	0	0	0	0	0	0	0	0	0	1	0	0	0	0	0	0	0	0	0	0	0	0	0	0	1	0	0	0	0	0	0	0	0	0	0	0	0	0	0	0	0	0	0	0	0	0	0	0	0	0	0	0	0	1	0	0	0	0	0	0	0	0	0	0	0	0	0	0	1	1	0	0	1	0	0	0	0	1	0	0	0	0	0	0	0	1	0	0	0	0	0	0	0	6	0	0	0	0	0	0	0	0	24	0	0	0																																																																																			
	Tenericutes 汇总	3	2	1	7	0	3	0	0	2	5	2	6	1	3	3	2	16	3	5	0	17	1	7	4	2	9	3	5	2	13	1	8	1	2	5	1	1	46	3	3	5	61	12	4	19	5	51	35	0	50	25	12	73	8	13	47	67	120	47	50	22	5	12	35	88	34	30	32	96	132	232	27	176	44	38	41	3	71	52	18	38	133	313	27	12	41	13	45	238	28	284	112	500	49	1011	30	184	82	176	45	95	139	165	71	104	140	26	22	284	27	156	27	77	11	0	13	25	3	18	1	2	22	4	26	1	4	5	23	14	7	3	15	14	13																																																																																			
	Thermotogae 汇总	0	0	0	0	0	0	0	0	0	0	0	0	0	0	0	0	0	0	0	0	0	0	0	0	0	0	0	0	0	0	0	0	0	0	0	0	0	0	0	0	0	0	0	0	0	0	0	0	0	0	0	0	76	0	0	0	0	0	0	0	0	0	0	0	0	0	0	0	0	0	0	0	0	0	0	0	0	0	0	0	0	0	0	0	0	0	0	0	0	0	0	0	0	0	0	0	0	0	0	0	1	0	0	0	0	0	0	0	0	0	0	0	0	0	0	0	0	0	0	0	0	0	0	0	0	0	0	0	0	0	0	0	0	0																																																																																			
	TM6 汇总	103	61	88	34	57	56	103	128	56	44	69	92	39	61	43	27	58	58	110	20	120	13	32	29	48	25	19	21	16	22	16	20	13	50	39	44	36	84	56	40	16	11	13	8	18	6	12	12	10	7	10	15	31	6	21	19	7	69	9	86	15	37	23	1	2	1	4	3	3	5	9	5	10	9	4	1	5	3	4	3	8	9	12	2	4	0	14	6	11	6	16	4	4	9	11	10	4	7	4	3	10	6	21	11	5	9	14	6	14	2	13	3	7	14	12	57	84	42	38	33	70	262	67	319	30	31	16	280	517	51	9	140	42	62																																																																																			
	TM7 汇总	296	181	265	101	148	261	350	497	201	237	231	325	110	184	119	127	128	64	261	99	629	18	168	144	131	132	81	62	93	120	286	43	53	177	104	101	61	456	234	66	145	276	163	132	162	185	82	176	134	144	91	105	263	103	110	70	133	505	241	232	250	187	132	255	278	214	232	148	293	213	380	203	725	275	148	183	599	91	250	80	208	277	242	88	192	158	124	220	256	100	489	115	174	307	314	80	346	179	118	93	303	98	215	125	224	158	190	176	291	75	346	96	205	76	65	227	481	23	185	38	37	149	114	328	224	52	36	721	301	67	12	35	332	98																																																																																			
	TPD-58 汇总	0	0	0	0	0	0	0	0	0	0	0	0	0	0	0	0	0	0	0	0	0	0	0	0	0	0	0	0	0	0	0	0	0	0	0	0	0	0	0	0	0	0	0	0	0	0	0	0	0	0	0	0	0	0	0	0	0	0	0	0	0	0	0	0	0	0	0	0	0	0	0	0	0	0	0	0	0	0	0	0	0	0	0	0	0	0	0	0	0	0	0	0	0	0	0	0	0	0	0	0	0	0	0	0	0	0	0	0	0	0	0	0	0	0	0	0	0	0	0	0	0	0	0	0	0	0	0	0	0	0	0	0	0	0																																																																																			
	Unclassified 汇总	119	60	56	101	129	75	76	82	92	112	37	90	53	89	62	124	141	83	82	48	179	62	123	136	162	94	90	226	89	65	82	125	84	112	78	63	80	192	119	78	127	266	93	67	65	99	130	118	73	81	84	67	140	70	185	145	76	165	84	98	62	131	118	358	176	197	178	128	187	167	214	166	228	323	332	301	227	158	243	128	247	189	260	291	287	141	126	130	201	61	647	232	269	159	404	130	166	175	193	204	383	320	357	297	292	325	266	189	208	83	520	296	255	286	111	470	356	203	245	93	91	340	226	596	277	133	99	778	309	250	87	137	288	305																																																																																			
	Verrucomicrobia 汇总	3401	2214	1663	3095	4182	6282	5186	2390	4424	2399	855	3504	2754	3613	3146	3264	2931	1949	2778	2772	5085	479	2147	2176	1333	1058	1373	1188	1083	1418	3020	2708	1478	3220	1024	1785	1218	3654	1781	1259	5715	1401	7289	3902	3085	4363	7732	5564	3822	2519	3821	4223	4159	3250	7911	6503	4125	8459	5613	3347	3387	5993	2778	4922	4235	6465	6900	3677	5783	5045	8649	4156	5976	5629	4745	5439	5462	3701	8160	2243	4972	4022	6486	7075	3648	3559	5145	4466	5390	1616	9226	4286	6186	4683	7664	4637	7595	4996	3716	4666	11293	2885	8426	5271	5664	9127	4879	5125	6431	3252	10233	2875	8187	1236	1174	1610	5215	1712	1566	1115	2002	1648	2348	2381	1858	1261	785	1584	3738	2433	996	1889	1099	1369																																																																																			
	WPS-2 汇总	9	17	20	3	2	17	5	3	17	6	4	7	32	5	1	3	1	2	8	19	12	0	0	18	1	0	0	1	1	0	5	1	0	1	2	3	0	0	0	2	1	100	3	2	1	6	3	3	0	1	2	2	0	6	1	2	1	11	12	0	0	0	6	91	2	2	8	9	2	3	6	1	2	2	14	5	17	0	48	35	22	5	140	49	22	1	11	3	3	0	25	14	5	30	7	3	6	10	1	2	37	3	24	1	1	4	19	7	9	0	28	0	3	148	65	833	249	140	117	25	15	125	85	112	113	27	128	587	591	99	50	86	165	80																																																																																			
	WS1 汇总	0	0	0	0	0	0	0	0	0	0	0	0	0	0	0	0	0	0	0	0	0	0	0	0	0	0	0	0	0	0	0	0	0	0	0	0	0	0	0	0	0	0	0	0	0	0	1	0	0	0	0	0	0	0	0	0	0	0	0	0	0	0	0	0	0	0	0	0	0	0	0	0	0	0	0	0	0	0	0	0	0	0	0	0	0	0	0	0	0	0	0	0	0	0	0	0	0	0	0	0	0	0	0	0	0	0	0	0	0	0	0	0	0	0	0	0	0	0	0	0	0	0	0	0	0	0	0	0	1	0	0	0	0	0																																																																																			
	WS2 汇总	10	10	5	11	29	20	3	12	15	8	10	2	9	2	8	2	5	16	9	3	25	4	20	9	18	4	13	15	8	11	7	6	4	9	4	5	2	10	4	7	4	0	3	6	1	7	6	4	9	1	0	3	5	0	1	1	3	10	6	7	5	7	1	5	2	4	1	1	0	5	2	4	4	2	1	2	4	4	2	0	0	1	5	4	1	2	4	2	5	0	7	9	3	4	12	5	7	4	1	6	8	5	2	3	1	8	5	4	6	0	5	3	2	0	0	0	3	0	0	0	0	0	1	0	0	0	0	7	0	0	0	0	0	0																																																																																			
	WS3 汇总	53	86	4	214	172	70	58	90	339	162	100	156	98	131	218	72	188	79	52	7	341	46	152	112	118	131	326	184	144	117	152	206	198	46	18	23	48	316	28	68	119	3	78	63	81	112	121	49	60	25	82	52	99	83	138	86	24	22	10	159	34	114	66	0	3	0	6	3	3	0	4	1	8	6	2	4	0	4	3	1	0	8	0	0	1	4	5	1	5	0	5	2	10	1	2	13	15	8	0	3	1	1	4	14	5	4	2	0	4	4	16	2	1	16	30	32	844	97	38	28	103	74	252	78	82	54	36	185	192	57	36	25	67	139																																																																																			
	WS4 汇总	0	0	0	0	0	0	0	0	0	0	0	0	0	0	0	0	0	0	0	0	0	0	0	0	0	0	0	0	0	0	0	0	0	0	0	0	0	0	0	0	0	0	0	0	0	0	0	0	0	0	0	0	0	0	0	0	0	0	0	0	0	0	0	0	0	0	0	0	0	0	0	0	0	0	0	0	0	0	0	0	0	0	0	0	0	0	0	0	0	0	0	0	0	0	0	0	0	0	0	0	0	0	0	0	0	0	0	0	0	0	0	0	0	0	0	0	0	0	0	0	0	0	0	0	0	0	0	0	0	0	0	0	0	1																																																																																			
	WS5 汇总	0	0	0	0	0	0	0	0	0	0	0	0	0	0	0	0	0	0	0	0	0	0	0	0	0	0	0	0	0	0	0	0	0	0	0	0	0	0	0	0	0	0	0	0	0	0	0	0	0	0	0	0	0	0	0	0	0	0	0	0	0	0	0	0	0	0	0	0	0	0	0	0	0	0	0	0	0	0	0	0	0	0	0	0	0	0	0	0	0	0	0	0	0	0	0	0	0	0	0	0	0	0	0	0	0	0	0	0	0	0	0	0	0	1	0	1	0	0	1	0	0	0	0	0	0	0	0	0	0	0	0	0	0	0																																																																																			
	WS6 汇总	0	0	0	0	0	0	0	0	0	0	0	1	0	0	0	0	0	0	0	0	0	0	0	0	0	0	0	0	0	0	0	0	0	0	0	0	0	0	0	0	0	0	0	0	0	0	0	0	0	0	0	0	0	0	0	0	0	0	0	0	0	0	0	0	0	0	0	0	0	0	0	0	0	0	0	0	0	0	0	0	0	0	0	0	0	0	0	0	0	0	0	0	0	0	0	0	0	0	0	0	0	0	0	0	0	0	0	0	0	0	0	0	0	0	0	0	1	0	0	0	0	0	0	0	0	0	0	0	0	0	0	0	0	0																																																																																			
	WWE1 汇总	0	0	0	0	0	0	0	0	0	0	0	0	0	0	0	1	0	0	0	0	0	0	0	0	1	0	0	1	0	0	0	0	0	0	0	0	0	0	0	0	0	0	0	0	0	0	0	0	0	0	0	0	0	0	3	1	0	0	0	0	0	0	0	0	0	0	0	0	0	0	0	0	0	0	0	0	0	0	0	0	0	0	0	0	0	0	0	0	0	0	0	0	0	0	0	0	0	0	0	0	0	0	0	0	0	0	0	0	0	0	0	0	0	2	0	0	0	0	0	0	0	0	0	0	0	0	0	0	0	0	0	0	0	0																																																																																			
	ZB3 汇总	0	0	0	1	0	0	0	0	0	0	0	0	0	1	0	0	0	0	0	0	0	0	0	0	0	1	0	0	0	0	1	0	0	0	0	0	0	0	0	0	0	0	0	0	0	0	0	0	0	0	0	0	0	0	0	1	0	2	0	0	0	0	0	0	0	0	0	0	0	0	0	0	0	0	0	0	0	0	0	0	0	0	0	0	0	0	0	0	0	0	0	0	0	0	0	0	0	0	0	0	0	0	0	0	0	0	0	0	0	0	1	0	0	0	0	0	0	1	0	0	0	0	0	2	0	0	0	6	0	0	2	0	0	0																																																																																			
	总计	49285	46174	57563	47763	53627	70298	50034	63426	63187	58911	45236	58122	54682	54358	42488	44551	53953	55189	48896	27128	79660	23250	62133	50501	56454	49782	40284	60556	40887	48506	66558	42738	33194	61259	37449	37229	34341	77054	59199	40241	47890	51294	53425	41648	36862	50809	57109	58681	39192	41075	33937	45632	63900	37708	56342	50224	41605	70253	48186	75758	47145	50133	52767	41472	48778	55896	42683	33527	61827	57288	67255	52511	69556	68616	52583	56920	73443	46436	54183	34144	45247	70536	66576	52402	47009	38670	49796	67120	59453	24615	110232	55412	77800	52612	100111	55347	67135	55410	37556	51726	96164	46387	72847	43863	55391	76957	73872	49300	64625	21102	104009	44514	67572	42852	34736	87639	73566	39050	49568	26274	41624	82804	49072	66482	48099	34669	29651	59595	94194	47239	61876	52120	39415	41093																																																																																			
