OUT	SH2	SH3	SH4	SP1	SP2	SP3
OTU1	96832	57125	126191	93537	65425	71655
OTU10	102	39	112	119	84	217
OTU100	0	1	0	0	0	2
OTU1000	0	0	0	4	0	0
OTU1001	0	0	0	0	0	0
OTU1002	0	0	0	0	0	0
OTU1003	0	0	0	0	0	0
OTU1004	2	2	1	2	0	1
OTU1005	0	0	0	0	0	0
OTU1006	0	0	0	5	0	0
OTU1007	0	0	0	0	0	0
OTU1008	0	0	2	1	0	0
OTU1009	0	0	0	9	0	0
OTU101	3	0	7	6	3	5
OTU1010	0	0	0	0	0	0
OTU1011	2	1	1	7	0	4
OTU1012	3	0	3	1	0	0
OTU1014	0	0	4	0	1	0
OTU1015	0	0	3	1	0	0
OTU1016	0	2	1	2	3	0
OTU1017	0	0	1	0	0	0
OTU1018	0	3	1	2	2	1
OTU1019	0	0	0	0	0	0
OTU102	13	11	9	16	15	16
OTU1020	1	0	1	1	0	0
OTU1021	0	3	1	2	0	0
OTU1022	0	2	0	0	0	0
OTU1023	0	0	0	7	0	0
OTU1024	9	5	6	3	1	3
OTU1025	0	0	0	3	2	0
OTU1026	2	1	2	0	1	1
OTU1027	0	0	0	3	0	0
OTU1028	0	0	0	10	0	7
OTU1029	0	0	0	5	0	0
OTU103	2	1	0	3	2	11
OTU1030	0	0	0	0	0	0
OTU1031	0	2	1	0	0	0
OTU1032	0	0	0	0	0	0
OTU1033	0	0	3	0	0	0
OTU1034	0	0	0	0	0	3
OTU1035	0	3	0	0	0	0
OTU1036	0	0	2	0	0	0
OTU1037	0	0	1	0	0	0
OTU1038	2	0	0	0	0	0
OTU1039	1	0	0	0	0	0
OTU104	2	2	5	22	1	15
OTU1040	0	0	3	1	1	1
OTU1041	0	0	0	0	0	2
OTU1042	0	0	0	0	0	2
OTU1043	0	1	0	0	0	0
OTU1044	2	0	0	0	0	0
OTU1045	0	0	0	0	0	0
OTU1046	0	0	0	0	0	0
OTU1047	0	0	0	2	0	0
OTU1048	0	0	0	2	0	0
OTU1049	0	0	4	0	0	0
OTU105	7	1	11	7	2	38
OTU1050	0	0	2	0	0	0
OTU1051	0	3	2	4	0	5
OTU1052	0	0	0	0	0	0
OTU1053	0	0	0	0	0	0
OTU1054	1	0	2	1	0	2
OTU1055	0	0	0	0	0	0
OTU1056	0	0	0	0	0	0
OTU1057	0	0	2	0	0	0
OTU1058	0	0	0	2	0	0
OTU1059	3	0	0	4	0	0
OTU106	5	7	6	15	4	6
OTU1060	0	0	0	0	0	0
OTU1061	0	0	2	1	0	0
OTU1062	0	0	0	0	0	2
OTU1063	0	0	0	0	0	9
OTU1064	0	2	0	0	0	0
OTU1065	0	0	0	0	0	3
OTU1066	0	0	0	0	2	0
OTU1067	0	0	0	1	0	0
OTU1068	0	0	0	0	0	0
OTU1069	0	0	0	0	1	0
OTU107	0	0	3	2	0	0
OTU1070	0	0	0	0	2	0
OTU1071	0	0	0	0	0	0
OTU1072	0	0	0	0	0	0
OTU1073	0	0	0	0	0	0
OTU1074	0	0	4	4	0	0
OTU1075	0	0	0	0	0	0
OTU1076	0	0	0	0	0	0
OTU1078	0	0	0	0	0	0
OTU1079	0	0	0	0	0	0
OTU108	0	0	0	2	0	20
OTU1080	3	0	7	10	3	2
OTU1081	0	0	0	1	0	0
OTU1082	0	1	1	1	2	0
OTU1083	1	1	1	1	4	1
OTU1084	6	4	9	8	2	1
OTU1085	0	1	2	0	0	0
OTU1086	0	0	0	2	0	0
OTU1087	0	0	3	0	0	1
OTU1088	0	0	3	0	0	0
OTU1089	0	2	1	0	1	0
OTU109	0	0	0	3	0	0
OTU1090	0	0	0	0	0	0
OTU1091	2	0	2	2	1	0
OTU1092	2	2	1	2	0	0
OTU1093	0	0	0	2	0	0
OTU1094	0	0	0	2	0	2
OTU1095	0	0	0	0	0	0
OTU1096	0	0	0	0	0	0
OTU1097	1	0	1	0	0	0
OTU1098	0	0	0	0	0	0
OTU1099	1	1	0	0	0	0
OTU110	1	2	0	0	0	1
OTU1100	0	0	0	0	0	0
OTU1101	1	0	0	1	0	0
OTU1102	1	1	0	11	0	51
OTU1103	0	0	0	0	0	0
OTU1104	0	0	0	0	0	0
OTU1106	0	0	0	0	0	2
OTU1107	0	0	0	0	0	0
OTU1108	0	0	0	0	0	2
OTU1109	0	0	0	0	0	0
OTU111	0	0	2	4	1	76
OTU1110	0	0	0	0	0	0
OTU1111	0	0	1	1	0	0
OTU1112	0	0	0	2	0	0
OTU1113	0	0	0	0	2	0
OTU1114	1	0	1	0	0	0
OTU1115	0	0	0	0	0	0
OTU1116	0	0	0	0	0	0
OTU1117	0	1	1	2	0	2
OTU1118	0	0	1	1	0	0
OTU1119	0	0	0	0	0	0
OTU112	0	2	2	4	0	37
OTU1120	0	0	2	0	0	0
OTU1121	0	0	2	0	0	0
OTU1122	2	0	0	0	0	0
OTU1123	3	6	7	14	3	4
OTU1124	0	0	0	0	0	0
OTU1125	0	0	0	0	0	0
OTU1126	0	0	0	0	0	3
OTU1127	0	2	0	0	0	0
OTU1128	0	0	0	0	0	1
OTU1129	2	0	0	0	1	0
OTU113	0	0	0	0	0	0
OTU1130	1	1	1	0	0	1
OTU1131	0	0	0	7	0	0
OTU1132	0	0	0	3	0	0
OTU1133	0	1	1	1	1	2
OTU1134	0	0	0	0	0	0
OTU1135	0	0	0	0	0	5
OTU1136	0	0	0	0	0	0
OTU1137	0	0	0	4	0	0
OTU1138	0	2	0	0	0	0
OTU1139	1	0	0	0	0	1
OTU114	9	6	10	14	3	10
OTU1140	0	0	1	0	0	0
OTU1141	0	0	0	2	0	0
OTU1142	6	7	9	9	4	4
OTU1143	0	0	3	0	1	1
OTU1144	2	0	0	0	0	0
OTU1145	0	0	0	0	0	0
OTU1146	0	0	2	0	0	0
OTU1147	6	1	9	10	2	6
OTU1148	0	0	0	6	0	0
OTU1149	0	0	0	0	0	0
OTU115	0	0	0	0	0	39
OTU1150	2	0	0	0	0	0
OTU1151	2	0	0	0	0	0
OTU1152	0	0	2	0	0	0
OTU1153	0	0	0	0	0	0
OTU1154	0	0	0	0	0	0
OTU1155	0	0	0	0	0	0
OTU1156	0	0	0	0	0	3
OTU1157	0	0	0	0	0	0
OTU1158	0	0	0	0	0	3
OTU1159	0	0	0	0	0	2
OTU116	0	0	0	0	0	59
OTU1160	0	0	0	0	0	0
OTU1162	0	0	1	1	0	0
OTU1163	0	0	0	0	0	0
OTU1164	0	0	0	0	0	0
OTU1165	0	0	0	0	0	0
OTU1166	1	0	1	0	0	0
OTU1167	0	0	0	1	0	0
OTU1168	2	0	0	0	0	0
OTU1169	0	0	0	0	0	0
OTU117	1	1	0	2	1	13
OTU1170	1	0	0	1	1	1
OTU1171	0	0	0	0	0	0
OTU1172	2	0	0	0	0	0
OTU1173	0	0	3	4	1	0
OTU1174	3	0	7	2	3	0
OTU1175	0	1	0	1	0	0
OTU1176	1	0	2	0	1	0
OTU1177	0	0	0	2	0	0
OTU1178	0	0	0	0	0	0
OTU1179	0	0	0	0	0	0
OTU118	0	1	0	6	0	0
OTU1180	0	2	0	0	0	0
OTU1181	5	1	3	5	0	0
OTU1182	0	0	0	0	0	2
OTU1183	0	0	0	0	0	0
OTU1184	0	0	0	0	0	0
OTU1185	0	0	0	0	0	0
OTU1186	0	0	0	6	0	0
OTU1187	0	2	0	0	0	0
OTU1188	0	0	0	0	0	0
OTU1189	0	3	0	0	0	0
OTU119	0	0	0	0	0	4
OTU1190	0	0	0	0	0	0
OTU1191	0	0	0	2	0	0
OTU1192	0	0	0	0	0	0
OTU1193	0	2	0	0	0	0
OTU1194	0	0	0	0	0	0
OTU1195	0	0	2	0	0	0
OTU1196	0	0	0	0	0	0
OTU1197	2	0	1	0	0	0
OTU1198	0	0	0	0	0	0
OTU1199	0	0	1	0	0	0
OTU12	49	42	97	308	24	104
OTU120	6	1	5	2	0	2
OTU1200	0	0	0	0	0	2
OTU1201	0	0	0	0	0	0
OTU1202	0	0	0	0	0	0
OTU1203	0	0	0	0	0	0
OTU1204	0	0	0	0	0	1
OTU1205	0	0	2	0	0	0
OTU1206	0	0	0	0	0	0
OTU1207	0	0	0	0	0	0
OTU1208	0	0	0	0	0	0
OTU1209	1	0	2	0	0	1
OTU121	0	0	0	1	0	2
OTU1210	0	0	0	2	0	0
OTU1211	0	0	0	0	0	2
OTU1212	1	3	2	1	0	0
OTU1213	0	0	0	2	0	0
OTU1214	3	0	1	1	0	1
OTU1215	0	0	2	1	0	1
OTU1216	0	0	0	0	0	0
OTU1217	0	2	0	0	0	0
OTU1218	0	0	1	0	0	2
OTU1219	0	0	0	0	0	0
OTU122	0	0	0	0	0	44
OTU1220	0	0	0	1	0	0
OTU1221	2	0	1	0	0	0
OTU1222	2	0	0	1	0	0
OTU1223	3	0	0	0	0	0
OTU1224	1	1	3	1	0	1
OTU1225	0	0	2	1	0	1
OTU1226	0	0	0	0	0	0
OTU1227	0	0	0	0	0	0
OTU1228	0	0	0	2	0	0
OTU1229	0	0	4	0	0	0
OTU123	0	0	0	0	1	6
OTU1230	3	2	0	3	0	0
OTU1231	0	0	0	0	2	2
OTU1232	0	0	0	0	0	0
OTU1233	2	0	0	0	0	0
OTU1234	0	0	0	0	0	0
OTU1235	0	0	2	0	0	0
OTU1236	0	1	0	0	2	0
OTU1237	0	0	2	0	1	0
OTU1238	0	0	0	0	0	0
OTU1239	0	0	1	0	0	2
OTU124	0	0	0	0	0	0
OTU1240	0	0	0	0	0	0
OTU1241	2	0	1	1	0	4
OTU1242	0	0	0	0	0	0
OTU1243	0	0	0	0	0	0
OTU1244	2	0	0	0	0	0
OTU1245	0	0	0	0	0	0
OTU1246	0	0	1	3	1	0
OTU1247	0	0	0	0	0	0
OTU1248	0	0	0	0	1	0
OTU1249	2	3	1	1	1	1
OTU125	15	12	13	20	9	19
OTU1250	0	0	0	0	0	2
OTU1251	1	0	0	1	0	0
OTU1252	0	2	0	2	0	0
OTU1254	0	0	0	0	0	0
OTU1255	0	0	0	0	0	0
OTU1256	1	1	1	1	0	1
OTU1257	0	0	0	0	0	0
OTU1258	0	1	0	2	0	2
OTU1259	1	0	1	0	0	0
OTU126	2	0	1	11	1	14
OTU1260	1	0	0	0	0	1
OTU1261	0	1	4	1	0	0
OTU1262	0	0	2	1	0	0
OTU1263	0	0	1	0	0	0
OTU1264	0	0	0	0	0	0
OTU1265	0	0	0	0	0	2
OTU1266	0	0	0	1	2	0
OTU1267	2	0	0	0	0	0
OTU1268	297	170	405	16841	1220	992
OTU1269	0	2	0	0	0	0
OTU127	4	3	2	8	1	25
OTU1270	0	0	4	0	0	0
OTU1271	0	0	0	0	0	0
OTU1272	0	0	0	0	0	0
OTU1273	0	0	2	0	0	0
OTU1274	1	0	3	1	0	1
OTU1275	0	0	0	1	0	1
OTU1276	0	0	0	2	0	0
OTU1277	0	0	3	0	0	0
OTU1278	0	0	0	0	0	0
OTU1279	0	0	0	0	0	0
OTU128	2	0	0	5	0	0
OTU1280	0	0	0	0	2	0
OTU1281	0	0	0	0	0	0
OTU1282	0	0	0	0	0	0
OTU1283	0	0	1	0	0	3
OTU1284	1	0	0	0	0	2
OTU1285	2	0	0	0	0	0
OTU1286	0	0	1	0	0	0
OTU1287	2	0	2	1	0	1
OTU1288	0	0	0	0	0	0
OTU1289	2	0	1	0	0	1
OTU129	1	0	0	46	5	1
OTU1290	0	0	0	0	0	0
OTU1291	0	0	0	0	0	0
OTU1292	0	2	0	0	0	0
OTU1293	0	0	0	0	0	0
OTU1294	0	0	0	0	1	0
OTU1295	2	0	0	0	0	0
OTU1296	0	1	0	0	1	0
OTU1297	0	0	0	0	0	0
OTU1298	0	0	0	0	2	0
OTU1299	0	0	0	0	0	0
OTU13	12	1	6	22	2	129
OTU130	1	1	2	6	0	43
OTU1300	0	0	0	1	1	1
OTU1301	0	0	2	0	0	0
OTU1302	0	0	0	0	0	0
OTU1303	0	0	2	1	0	0
OTU1304	0	0	2	0	0	0
OTU1305	1	0	1	0	0	2
OTU1306	0	0	0	0	0	0
OTU1307	0	0	0	0	0	0
OTU1308	0	1	1	0	2	0
OTU1309	0	0	1	1	2	0
OTU131	4	3	2	4	0	1
OTU1310	0	0	0	0	0	0
OTU1311	1	0	4	1	2	1
OTU1312	0	0	0	0	0	0
OTU1313	0	0	2	2	0	0
OTU1314	0	0	0	0	0	0
OTU1315	0	1	0	0	0	0
OTU1316	1	1	1	3	1	3
OTU1317	0	0	0	0	0	0
OTU1318	0	0	0	0	0	0
OTU1319	1	1	2	1	1	0
OTU132	0	0	1	3	0	40
OTU1320	0	0	0	0	0	0
OTU1321	0	0	0	0	0	0
OTU1322	0	0	2	0	0	0
OTU1323	0	0	0	0	0	0
OTU1324	0	0	0	0	0	0
OTU1325	1	0	0	0	0	0
OTU1326	0	0	2	0	0	0
OTU1327	0	0	0	0	0	0
OTU1328	0	0	0	0	2	0
OTU1329	0	0	0	0	1	1
OTU133	0	0	0	0	0	19
OTU1330	0	0	0	0	0	0
OTU1331	0	0	5	1	0	0
OTU1332	0	0	0	0	0	0
OTU1333	1	1	0	0	0	0
OTU1334	0	0	0	0	0	0
OTU1335	0	0	0	0	0	0
OTU1336	0	0	0	0	0	0
OTU1337	0	0	0	2	0	1
OTU1338	0	0	0	0	0	0
OTU1339	0	0	0	0	0	0
OTU134	2	1	2	4	2	2
OTU1340	0	0	0	0	0	0
OTU1341	0	0	0	5	0	0
OTU1342	12	34	32	95	4	8
OTU1343	0	2	0	0	0	0
OTU1344	1	3	0	2	0	0
OTU1345	0	0	2	0	0	0
OTU1346	0	0	0	3	0	0
OTU1347	0	0	0	0	0	0
OTU1348	1	0	0	1	1	2
OTU1349	0	0	0	0	0	0
OTU135	0	0	0	0	0	59
OTU1350	0	0	0	1	1	1
OTU1351	0	0	0	0	0	0
OTU1352	2	0	0	0	0	0
OTU1353	0	1	0	0	0	1
OTU1354	0	0	0	0	0	1
OTU1355	0	0	0	0	0	0
OTU1356	1	0	2	0	1	0
OTU1357	0	0	1	0	1	0
OTU1358	0	0	3	0	2	0
OTU1359	0	0	0	0	0	0
OTU136	0	0	0	0	0	58
OTU1360	0	0	0	0	0	0
OTU1361	0	0	0	0	0	0
OTU1362	0	0	2	0	0	0
OTU1363	0	0	0	0	0	0
OTU1364	0	0	0	2	0	0
OTU1365	0	0	0	0	0	0
OTU1366	0	0	0	0	0	0
OTU1367	0	1	0	1	0	0
OTU1368	0	0	0	2	0	0
OTU1369	0	0	0	2	0	0
OTU137	0	1	1	0	0	49
OTU1370	0	0	0	0	0	0
OTU1371	0	2	0	0	0	0
OTU1372	0	0	2	4	0	1
OTU1373	0	0	0	0	0	0
OTU1374	0	0	0	0	0	0
OTU1375	0	0	0	0	0	0
OTU1376	0	0	1	1	0	0
OTU1377	0	2	0	0	0	0
OTU1378	0	0	0	0	0	0
OTU1379	1	2	3	1	2	4
OTU138	8	2	5	7	9	8
OTU1380	0	0	1	2	0	0
OTU1381	2	0	0	0	1	0
OTU1382	0	0	0	0	0	0
OTU1383	0	0	0	2	0	0
OTU1384	0	0	0	0	0	0
OTU1385	0	0	0	0	0	0
OTU1386	0	0	0	0	0	0
OTU1387	0	0	0	0	0	0
OTU1388	0	0	0	1	0	0
OTU1389	0	0	0	0	0	0
OTU139	27	7	28	14	9	15
OTU1390	0	0	0	0	0	0
OTU1391	0	0	1	1	0	2
OTU1392	0	0	0	0	0	0
OTU1393	0	0	0	0	0	0
OTU1394	0	0	0	0	0	0
OTU1395	0	0	0	0	1	0
OTU1396	0	0	0	0	0	0
OTU1397	0	0	0	0	0	2
OTU1398	1	0	1	0	0	0
OTU1399	0	0	0	0	0	0
OTU14	6	3	2	17	10	37
OTU140	15	9	15	9	8	13
OTU1400	0	0	0	2	0	0
OTU1401	0	0	0	0	0	0
OTU1402	2	1	1	1	0	0
OTU1403	2	1	1	1	0	1
OTU1404	0	1	3	0	1	1
OTU1405	1	1	0	2	0	1
OTU1406	1	0	1	0	0	1
OTU1407	0	0	2	1	0	0
OTU1408	0	0	0	0	0	0
OTU1409	0	2	0	0	0	0
OTU141	9	12	11	15	10	40
OTU1410	2	0	0	0	0	0
OTU1411	0	0	0	3	0	0
OTU1412	1	0	0	3	0	0
OTU1413	0	0	0	0	0	3
OTU1414	0	0	0	4	0	0
OTU1415	0	0	2	0	0	0
OTU1416	0	0	2	0	0	0
OTU1417	0	0	0	0	0	0
OTU1418	0	3	0	0	0	0
OTU1419	0	0	0	0	0	0
OTU142	2	0	0	0	0	1
OTU1420	0	0	2	0	0	0
OTU1421	0	0	0	2	0	0
OTU1422	0	0	0	0	0	0
OTU1423	0	0	2	0	0	0
OTU1424	0	1	0	0	0	1
OTU1425	0	0	0	0	2	0
OTU1426	0	0	0	1	1	0
OTU1427	0	1	0	2	1	1
OTU1428	0	0	0	0	0	0
OTU1429	0	0	1	1	1	2
OTU143	0	1	0	0	0	41
OTU1430	0	0	0	0	0	0
OTU1431	0	0	0	0	0	3
OTU1432	0	0	1	1	1	0
OTU1433	0	0	0	0	0	0
OTU1434	0	0	0	0	0	0
OTU1435	0	0	0	0	0	0
OTU1436	0	1	3	0	0	0
OTU1437	0	0	2	0	0	1
OTU1438	0	0	0	0	0	0
OTU1439	0	0	0	1	0	1
OTU144	0	0	0	0	0	53
OTU1440	0	0	0	0	0	0
OTU1441	0	0	0	0	0	0
OTU1442	0	0	0	0	0	1
OTU1443	0	0	2	0	0	0
OTU1444	2	0	0	0	0	0
OTU1445	0	0	0	0	0	0
OTU1446	0	0	2	0	0	0
OTU1447	0	0	0	0	0	0
OTU1448	0	0	0	1	0	0
OTU1449	0	0	0	0	0	2
OTU145	0	0	0	1	0	0
OTU1450	3	0	5	6	0	2
OTU1451	0	0	0	0	0	0
OTU1452	0	0	0	0	0	0
OTU1453	1	1	0	1	0	3
OTU1454	0	0	2	0	0	0
OTU1455	1	0	0	0	0	0
OTU1457	0	0	0	0	0	2
OTU1458	0	0	1	0	0	0
OTU1459	0	1	0	0	0	0
OTU146	0	0	0	6	0	0
OTU1460	0	0	0	0	0	0
OTU1461	0	0	0	2	0	0
OTU1462	0	0	0	0	0	0
OTU1463	0	0	0	0	0	2
OTU1464	0	0	0	0	0	0
OTU1465	1	0	0	2	0	0
OTU1466	0	0	0	0	0	0
OTU1467	0	0	0	2	0	0
OTU1468	0	0	0	0	0	0
OTU1469	0	2	0	0	0	0
OTU147	0	0	0	1	0	29
OTU1470	0	0	0	0	0	0
OTU1471	0	0	0	0	0	0
OTU1472	0	0	0	0	0	2
OTU1473	0	0	0	0	0	2
OTU1474	0	0	2	0	0	0
OTU1475	0	0	0	1	0	0
OTU1476	1	0	0	2	1	0
OTU1477	1	0	0	1	0	3
OTU1478	0	0	0	3	0	0
OTU1479	0	0	1	0	0	0
OTU148	2	1	3	4	0	1
OTU1480	0	0	0	0	0	0
OTU1481	0	0	0	0	0	0
OTU1482	0	0	0	0	0	0
OTU1483	0	0	0	0	2	0
OTU1484	2	0	0	0	0	0
OTU1485	0	0	0	0	0	0
OTU1486	2	0	1	0	1	0
OTU1487	0	2	0	0	0	0
OTU1488	2	0	0	0	0	0
OTU1489	0	0	0	0	0	1
OTU149	2	0	2	2	1	58
OTU1490	0	0	0	0	0	1
OTU1491	3	0	2	5	1	5
OTU1492	0	0	0	0	0	0
OTU1493	0	0	0	0	0	0
OTU1494	0	0	0	0	3	0
OTU1495	0	0	2	0	0	0
OTU1496	0	0	0	0	0	0
OTU1497	0	0	0	0	0	0
OTU1498	0	0	0	2	0	0
OTU1499	0	0	0	0	0	0
OTU15	108	51	142	144	54	171
OTU150	0	0	0	0	0	0
OTU1500	0	0	2	0	0	0
OTU1501	0	0	2	0	0	0
OTU1502	0	0	2	0	0	1
OTU1503	0	0	0	0	0	0
OTU1504	0	0	1	0	0	1
OTU1505	0	0	0	0	0	0
OTU1506	0	0	0	0	0	0
OTU1507	0	0	0	0	0	0
OTU1508	3	1	1	0	0	0
OTU1509	0	0	2	0	0	0
OTU151	0	0	0	0	1	0
OTU1510	0	1	0	0	0	2
OTU1511	0	0	0	1	0	0
OTU1512	0	0	2	0	0	0
OTU1513	0	0	0	0	0	0
OTU1514	0	0	0	0	0	0
OTU1515	0	0	0	0	0	0
OTU1516	0	0	0	0	0	0
OTU1517	0	0	0	0	0	0
OTU1518	0	0	0	0	0	0
OTU1519	1	0	0	3	0	1
OTU152	0	0	0	1	1	14
OTU1520	0	0	0	1	0	0
OTU1521	0	0	0	0	0	0
OTU1522	0	0	0	0	0	0
OTU1523	0	0	0	0	0	0
OTU1524	0	0	0	0	0	0
OTU1525	0	0	0	0	0	2
OTU1526	2	3	1	0	0	0
OTU1527	0	0	1	2	1	0
OTU1528	0	0	0	0	0	0
OTU1529	0	0	0	0	0	0
OTU153	0	0	1	0	2	0
OTU1530	0	0	0	0	0	0
OTU1531	3	0	1	1	0	2
OTU1532	2	0	0	0	0	0
OTU1533	0	0	2	0	0	0
OTU1534	0	0	0	2	0	0
OTU1535	0	0	0	0	0	0
OTU1536	0	0	0	0	0	0
OTU1537	0	0	0	0	0	0
OTU1538	0	0	0	0	0	0
OTU1539	2	0	0	1	0	0
OTU154	0	0	0	0	0	42
OTU1540	0	0	0	0	0	0
OTU1541	0	0	0	3	0	0
OTU1542	0	0	2	0	0	0
OTU1543	0	0	0	0	0	0
OTU1544	0	0	0	1	0	1
OTU1545	0	2	2	1	0	0
OTU1546	0	0	0	0	0	0
OTU1547	1	0	0	0	2	1
OTU1548	0	0	2	3	4	0
OTU1549	0	0	0	0	0	0
OTU155	1	0	3	13	1	41
OTU1550	0	0	0	1	0	1
OTU1551	0	0	0	0	2	0
OTU1552	0	0	0	0	0	0
OTU1553	0	0	0	2	0	0
OTU1554	0	0	1	0	0	1
OTU1555	0	0	2	0	0	0
OTU1556	0	0	0	2	0	0
OTU1557	2	0	0	1	0	0
OTU1558	0	0	0	0	0	0
OTU1559	0	0	0	0	0	0
OTU156	0	0	0	0	0	22
OTU1560	0	0	0	0	0	0
OTU1561	0	1	2	2	1	3
OTU1562	0	0	0	0	0	0
OTU1563	0	0	0	0	0	0
OTU1564	0	0	0	0	0	0
OTU1565	2	1	1	1	0	0
OTU1566	0	0	0	0	0	0
OTU1567	0	0	2	0	0	0
OTU1568	0	0	0	0	0	0
OTU1569	1	0	1	0	0	1
OTU157	1	0	0	0	0	0
OTU1570	0	1	1	2	0	0
OTU1571	0	0	0	2	0	0
OTU1572	1	0	5	1	2	0
OTU1573	1	0	0	1	0	0
OTU1574	0	0	2	0	0	0
OTU1575	0	0	0	0	2	0
OTU1576	1	0	0	1	1	0
OTU1577	0	0	0	0	0	0
OTU1578	0	0	0	0	0	0
OTU1579	0	0	2	0	0	0
OTU158	2	2	7	6	1	22
OTU1580	1	0	0	1	0	0
OTU1581	0	2	0	0	0	0
OTU1582	0	0	0	0	0	6
OTU1583	0	0	0	0	0	0
OTU1584	0	0	0	0	0	0
OTU1585	0	0	2	0	0	0
OTU1586	0	0	0	0	0	2
OTU1587	0	0	0	0	0	2
OTU1588	0	0	2	0	0	0
OTU1589	0	0	2	0	0	0
OTU159	0	0	0	0	1	19
OTU1590	0	2	0	0	0	0
OTU1591	2	0	0	0	0	0
OTU1592	2	0	0	0	0	0
OTU1593	3	0	0	1	0	1
OTU1594	0	0	2	1	0	0
OTU1595	1	0	0	0	0	0
OTU1596	0	0	0	3	0	0
OTU1597	1	0	1	2	0	0
OTU1598	0	0	0	4	0	0
OTU1599	0	0	0	2	0	0
OTU16	2	2	11	9	5	16
OTU160	29	19	36	28	11	18
OTU1600	0	0	0	0	1	0
OTU1601	0	0	2	0	0	0
OTU1602	0	0	0	0	0	0
OTU1603	0	0	0	0	2	0
OTU1604	0	1	0	0	0	0
OTU1605	0	0	0	0	0	0
OTU1606	2	0	0	0	0	0
OTU1607	0	0	0	0	0	0
OTU1609	0	0	0	0	2	0
OTU161	0	0	0	3	0	59
OTU1610	0	0	0	0	0	0
OTU1611	0	0	0	0	0	0
OTU1612	0	0	2	0	0	0
OTU1613	2	0	0	2	2	0
OTU1614	0	1	1	0	0	2
OTU1615	0	1	0	1	0	0
OTU1616	0	0	0	0	0	0
OTU1617	0	0	0	0	0	0
OTU1618	1	0	1	1	2	0
OTU1619	0	0	0	0	0	0
OTU162	0	0	1	0	0	46
OTU1620	0	0	5	1	0	0
OTU1621	0	0	0	0	0	0
OTU1622	1	1	2	1	0	2
OTU1623	0	0	0	0	0	0
OTU1624	0	0	0	0	0	0
OTU1625	2	0	0	0	0	0
OTU1626	2	0	0	0	0	0
OTU1627	0	0	0	2	0	0
OTU1628	2	1	0	0	0	0
OTU1629	3	0	0	1	0	0
OTU163	2	3	2	10	1	59
OTU1630	0	0	0	0	0	0
OTU1631	0	0	0	2	0	0
OTU1632	0	0	0	0	0	0
OTU1633	0	0	0	0	0	0
OTU1634	0	0	0	0	0	0
OTU1635	0	0	2	0	0	0
OTU1636	0	0	0	0	0	0
OTU1637	0	0	0	0	0	0
OTU1638	0	0	0	0	0	0
OTU1639	0	0	0	2	0	0
OTU164	7	0	0	23	0	28
OTU1640	1	2	0	2	2	1
OTU1641	1	0	0	0	0	1
OTU1642	0	1	0	2	0	0
OTU1643	0	0	0	0	0	0
OTU1644	0	0	0	0	0	0
OTU1645	0	2	0	0	0	0
OTU1646	0	0	0	3	0	0
OTU1647	0	0	0	0	2	0
OTU1648	0	0	0	2	0	0
OTU1649	1	3	1	2	0	2
OTU165	0	0	0	0	0	51
OTU1650	0	0	0	0	0	0
OTU1651	0	0	0	0	0	0
OTU1652	0	0	0	2	0	0
OTU1653	0	0	1	3	0	2
OTU1654	1	0	0	0	0	0
OTU1655	0	0	0	0	0	0
OTU1656	0	0	1	0	0	0
OTU1657	0	1	1	2	3	1
OTU1658	0	0	0	0	0	0
OTU166	1	0	0	0	0	46
OTU1660	0	0	0	2	0	0
OTU1661	0	0	0	2	0	0
OTU1662	0	0	2	0	0	2
OTU1663	0	0	2	0	0	0
OTU1664	0	0	0	0	0	0
OTU1665	0	0	0	0	0	2
OTU1666	0	0	1	0	1	0
OTU1667	0	0	0	0	0	0
OTU1668	0	0	0	0	0	1
OTU1669	1	1	0	0	0	1
OTU167	0	0	0	1	0	0
OTU1670	0	0	0	12	0	0
OTU1671	0	0	0	0	0	0
OTU1672	0	0	0	0	2	0
OTU1674	0	0	1	2	0	1
OTU1675	0	0	0	0	0	2
OTU1676	0	0	0	0	0	2
OTU1677	0	0	0	0	0	0
OTU1678	1	0	1	0	0	0
OTU1679	0	2	0	0	0	0
OTU168	0	0	1	7	0	50
OTU1680	0	0	0	6	0	0
OTU1681	0	0	0	2	0	0
OTU1682	0	0	0	2	0	0
OTU1683	0	0	0	0	0	0
OTU1684	0	2	0	0	0	0
OTU1685	0	0	0	0	0	0
OTU1686	0	0	0	0	0	0
OTU1687	0	0	0	0	0	0
OTU1688	2	0	0	0	0	0
OTU1689	0	0	0	0	0	1
OTU169	0	0	2	0	0	36
OTU1690	0	0	0	0	0	0
OTU1691	0	0	0	0	2	0
OTU1692	0	1	0	0	1	2
OTU1693	2	0	0	0	0	0
OTU1694	0	0	0	0	2	0
OTU1695	0	0	0	0	0	2
OTU1696	0	0	0	0	0	0
OTU1697	0	0	0	0	0	0
OTU1698	0	0	1	0	0	0
OTU1699	0	0	0	3	0	0
OTU17	2	1	4	5	1	2
OTU170	1	2	1	0	1	1
OTU1700	0	0	5	1	1	1
OTU1701	1	3	3	0	1	0
OTU1702	0	0	0	0	2	0
OTU1703	0	0	0	0	0	0
OTU1704	0	0	0	2	0	0
OTU1705	0	0	0	0	0	0
OTU1706	0	0	0	0	0	0
OTU1707	0	0	0	0	0	0
OTU1708	0	0	1	0	0	0
OTU1709	0	0	0	0	0	0
OTU171	0	0	0	7	0	4
OTU1710	0	2	0	0	0	0
OTU1711	0	0	0	0	0	0
OTU1712	0	0	0	4	0	0
OTU1713	0	0	0	2	0	0
OTU1714	1	0	0	0	0	2
OTU1715	0	0	0	2	0	0
OTU1716	0	0	0	0	2	0
OTU1717	0	0	0	0	2	0
OTU1719	0	0	0	0	0	3
OTU172	1	0	2	3	3	5
OTU1720	0	0	2	0	0	0
OTU1721	0	0	0	0	0	0
OTU1722	0	0	2	0	0	0
OTU1723	0	0	0	0	0	0
OTU1724	0	0	0	0	0	0
OTU1725	1	1	1	9	0	4
OTU1726	0	0	2	2	0	0
OTU1727	0	0	0	0	2	0
OTU1728	2	0	0	0	0	0
OTU1729	0	0	0	0	2	0
OTU173	0	0	0	0	0	34
OTU1730	0	0	0	0	0	0
OTU1731	2	0	1	0	0	0
OTU1732	0	0	0	0	0	2
OTU1733	0	0	0	0	0	0
OTU1734	0	0	0	0	0	2
OTU1735	2	0	0	0	0	0
OTU1736	0	0	0	0	0	0
OTU1737	0	0	2	0	0	0
OTU1738	0	0	0	0	0	2
OTU1739	2	0	0	1	0	0
OTU174	0	0	0	0	0	0
OTU1741	0	0	0	0	0	0
OTU1742	0	0	0	0	0	0
OTU1743	0	0	0	0	0	0
OTU1744	0	0	0	1	0	0
OTU1745	0	2	0	0	0	0
OTU1746	0	0	0	1	0	0
OTU1747	0	0	0	2	0	0
OTU1748	0	0	0	0	0	0
OTU1749	0	0	0	0	0	0
OTU175	0	0	2	0	0	23
OTU1750	0	0	0	0	0	2
OTU1751	0	0	0	0	0	2
OTU1752	0	0	0	2	1	1
OTU1753	1	0	0	0	1	1
OTU1754	0	0	0	0	0	0
OTU1755	0	0	0	0	0	0
OTU1756	0	0	0	0	0	0
OTU1757	0	2	0	0	2	0
OTU1758	0	0	0	0	0	0
OTU1759	0	0	0	2	0	0
OTU176	0	0	0	0	0	48
OTU1760	0	0	0	0	0	0
OTU1761	0	1	1	0	0	2
OTU1762	0	0	1	0	2	0
OTU1763	0	0	0	0	0	0
OTU1764	0	0	0	0	0	0
OTU1765	0	0	0	0	0	0
OTU1766	1	0	1	3	1	0
OTU1767	0	0	0	0	0	0
OTU1768	0	0	0	0	0	0
OTU1769	0	0	0	0	0	0
OTU177	0	0	1	1	2	43
OTU1770	0	0	0	0	0	0
OTU1771	0	0	0	0	0	0
OTU1772	0	0	0	0	0	0
OTU1773	0	0	0	0	0	0
OTU1774	0	0	0	0	0	0
OTU1775	0	0	0	0	0	0
OTU1776	0	0	0	0	0	0
OTU1777	0	0	0	0	0	0
OTU1779	2	1	1	10	0	0
OTU178	0	0	1	0	0	1
OTU1780	0	0	0	0	0	2
OTU1781	0	0	2	0	0	0
OTU1782	0	0	1	0	0	0
OTU1783	0	0	0	0	0	0
OTU1784	0	0	1	3	1	0
OTU1785	0	0	0	0	0	0
OTU1786	0	0	0	0	0	0
OTU1787	0	0	0	0	0	0
OTU1788	0	0	0	0	0	0
OTU1789	0	0	0	0	0	0
OTU179	6	1	5	5	3	3
OTU1790	2	0	0	0	0	0
OTU1791	0	0	0	0	0	0
OTU1792	0	0	0	2	0	0
OTU1793	0	0	0	0	0	2
OTU1794	0	0	1	0	0	0
OTU1795	0	0	2	0	0	2
OTU1796	0	0	0	0	0	0
OTU1797	0	0	0	0	0	0
OTU1798	0	0	0	0	0	0
OTU1799	0	0	0	0	0	2
OTU18	7	7	4	8	7	3
OTU180	0	1	0	5	2	0
OTU1800	0	0	0	0	0	0
OTU1801	0	0	0	0	0	0
OTU1802	1	2	3	3	3	2
OTU1803	0	3	0	0	0	0
OTU1804	0	0	0	0	0	0
OTU1805	0	0	0	0	2	0
OTU1806	0	0	3	1	0	0
OTU1807	0	0	2	0	0	0
OTU1808	0	0	0	2	0	0
OTU1809	2	1	2	0	0	2
OTU181	6	1	5	5	1	1
OTU1810	0	0	0	0	2	0
OTU1811	0	0	2	0	0	0
OTU1812	0	0	1	6	0	0
OTU1813	0	0	0	0	0	0
OTU1814	0	0	0	0	1	2
OTU1815	0	0	0	0	2	0
OTU1816	0	0	3	0	0	0
OTU1817	0	0	0	10	0	0
OTU1818	0	0	0	0	0	2
OTU1819	0	0	0	0	0	0
OTU182	0	0	0	0	0	43
OTU1820	0	0	0	0	0	2
OTU1821	1	3	6	2	6	5
OTU1822	0	0	0	0	2	0
OTU1823	0	0	2	0	0	0
OTU1824	0	0	0	2	0	0
OTU1825	0	1	0	3	0	0
OTU1826	0	0	0	0	0	2
OTU1827	0	0	2	0	0	0
OTU1828	0	0	0	0	0	0
OTU1829	0	0	0	0	0	0
OTU183	0	0	0	18	0	0
OTU1830	0	0	0	0	0	0
OTU1831	0	1	1	0	0	0
OTU1832	0	0	2	0	0	0
OTU1833	3	0	1	1	0	0
OTU1834	0	0	0	0	0	0
OTU1835	0	0	0	0	0	0
OTU1836	0	0	0	0	0	0
OTU1837	1	0	0	3	0	0
OTU1838	1	0	3	0	0	1
OTU1839	1	0	1	1	0	0
OTU184	0	0	0	0	0	33
OTU1840	0	0	0	0	0	0
OTU1841	2	0	0	0	0	0
OTU1842	0	0	0	0	0	2
OTU1843	0	0	0	0	0	0
OTU1844	0	0	0	2	0	0
OTU1845	0	0	0	0	2	0
OTU1846	0	0	0	0	0	0
OTU1847	0	0	0	0	0	0
OTU1848	0	2	0	0	0	0
OTU1849	2	0	0	0	0	0
OTU185	0	0	0	7	0	1
OTU1850	0	0	2	1	0	0
OTU1851	0	0	0	0	0	0
OTU1852	0	0	0	0	0	0
OTU1853	0	0	0	0	0	0
OTU1854	0	1	0	0	0	1
OTU1855	0	0	0	0	0	0
OTU1856	0	0	1	0	1	0
OTU1857	0	0	0	2	0	0
OTU1858	0	0	0	0	0	0
OTU1859	0	0	0	1	0	0
OTU186	0	0	0	0	0	0
OTU1860	0	0	0	0	0	2
OTU1861	0	0	0	0	0	0
OTU1862	0	0	0	0	0	0
OTU1863	0	0	0	0	0	0
OTU1864	0	0	0	0	0	0
OTU1865	2	0	0	0	0	0
OTU1866	0	1	1	0	1	1
OTU1867	1	0	0	2	1	0
OTU1868	0	0	0	0	0	5
OTU1869	0	0	0	0	0	0
OTU187	0	0	0	0	0	45
OTU1870	0	0	0	0	0	0
OTU1871	0	0	0	0	0	0
OTU1872	1	2	2	2	0	1
OTU1873	0	0	0	2	0	0
OTU1874	0	0	0	0	2	0
OTU1875	0	0	2	0	0	0
OTU1876	0	0	1	0	0	0
OTU1877	0	0	0	0	0	0
OTU1878	0	0	0	0	0	0
OTU1879	1	0	0	1	0	0
OTU188	0	0	0	0	0	0
OTU1880	2	0	0	0	0	0
OTU1881	0	0	1	2	0	0
OTU1882	0	0	0	0	0	0
OTU1883	2	0	0	0	0	0
OTU1884	0	0	0	0	2	0
OTU1885	0	0	0	1	0	1
OTU1886	0	0	0	0	0	0
OTU1887	0	0	0	0	0	1
OTU1888	0	0	1	1	0	0
OTU1889	0	0	0	0	0	0
OTU189	0	2	0	0	0	0
OTU1890	0	1	0	1	0	0
OTU1891	0	2	0	0	0	0
OTU1892	0	0	0	0	0	0
OTU1893	0	0	1	0	0	2
OTU1894	0	0	0	0	0	0
OTU1895	0	0	0	0	0	0
OTU1896	0	0	0	1	0	0
OTU1897	0	0	0	0	0	0
OTU1898	0	0	0	0	0	1
OTU1899	0	0	0	0	0	0
OTU19	1	2	0	18	2	9
OTU190	1	0	1	23	1	35
OTU1900	0	1	0	2	0	0
OTU1901	1	0	1	0	0	1
OTU1902	2	1	2	5	12	7
OTU1903	1	0	1	1	1	0
OTU1905	0	0	0	0	0	0
OTU1906	0	0	0	2	0	0
OTU1907	0	0	0	0	0	0
OTU1908	0	2	0	0	0	0
OTU1909	1	0	3	0	3	0
OTU191	0	0	0	0	0	29
OTU1910	0	0	0	0	0	0
OTU1911	0	0	0	0	3	0
OTU1912	3	0	0	1	0	0
OTU1913	0	0	0	0	0	0
OTU1915	2	0	0	0	0	0
OTU1916	0	0	0	3	3	2
OTU1917	0	0	0	0	0	0
OTU1918	0	0	1	0	1	1
OTU1919	0	0	0	0	0	0
OTU192	0	0	0	0	0	23
OTU1920	0	0	0	0	0	0
OTU1921	0	0	0	0	0	0
OTU1922	0	0	0	0	0	0
OTU1923	2	0	0	0	0	0
OTU1924	1	0	0	0	0	0
OTU1925	0	0	0	0	0	0
OTU1926	0	0	0	0	0	2
OTU1927	0	0	1	3	1	0
OTU1928	0	0	0	0	0	0
OTU1929	1	0	0	0	0	0
OTU193	7	4	10	14	4	7
OTU1930	0	0	2	0	0	0
OTU1931	0	0	2	1	0	0
OTU1932	0	0	0	5	0	0
OTU1933	0	0	0	0	2	0
OTU1934	0	0	2	0	0	0
OTU1935	0	0	0	0	1	0
OTU1936	0	0	0	0	0	0
OTU1937	0	0	2	0	0	0
OTU1938	0	0	0	2	0	0
OTU1939	0	0	0	0	0	0
OTU194	0	0	0	0	0	38
OTU1940	0	0	0	2	0	0
OTU1941	0	0	0	0	1	0
OTU1942	0	0	3	1	0	1
OTU1943	0	0	0	3	0	0
OTU1944	0	0	0	0	0	0
OTU1945	1	0	0	0	0	0
OTU1946	0	0	0	0	0	0
OTU1947	0	0	0	4	0	0
OTU1948	0	0	0	0	0	0
OTU1949	1	1	0	0	3	1
OTU195	0	0	0	0	0	0
OTU1950	2	0	0	0	0	0
OTU1951	0	0	0	0	0	0
OTU1952	0	0	0	5	0	0
OTU1953	0	0	0	0	0	2
OTU1954	0	0	0	0	0	0
OTU1955	2	0	0	0	0	0
OTU1956	0	0	0	0	0	0
OTU1957	0	0	0	0	0	0
OTU1958	0	0	0	0	0	0
OTU1959	0	0	0	0	0	1
OTU196	1	0	0	0	1	0
OTU1960	0	0	0	0	0	0
OTU1961	0	0	0	0	0	0
OTU1962	0	0	0	0	0	0
OTU1963	0	0	0	0	0	0
OTU1964	1	0	1	0	0	0
OTU1965	0	0	1	0	0	0
OTU1966	0	0	0	0	0	0
OTU1967	1	0	0	1	0	0
OTU1968	0	0	2	0	0	0
OTU1969	0	0	0	0	0	0
OTU197	0	0	1	0	2	2
OTU1970	0	0	0	0	0	0
OTU1971	0	1	0	0	0	0
OTU1972	1	0	1	0	0	2
OTU1973	0	0	0	0	0	0
OTU1974	0	0	0	0	0	0
OTU1975	0	0	0	4	0	0
OTU1976	2	0	0	0	0	0
OTU1977	0	0	0	0	0	1
OTU1978	0	0	0	0	0	1
OTU1979	1	0	1	0	0	0
OTU198	3	0	8	8	3	6
OTU1980	1	0	0	0	0	2
OTU1981	0	0	2	1	0	0
OTU1982	0	0	0	0	0	1
OTU1983	0	0	0	0	0	0
OTU1984	0	0	0	0	0	0
OTU1985	0	0	0	0	0	0
OTU1986	0	0	0	0	0	0
OTU1987	0	0	0	2	0	0
OTU1988	0	0	0	0	0	0
OTU1989	0	1	0	0	0	2
OTU199	1	1	1	0	0	29
OTU1990	0	2	0	0	0	0
OTU1991	0	0	0	0	0	2
OTU1992	0	2	1	0	1	3
OTU1993	0	0	1	0	0	0
OTU1994	0	0	0	0	0	0
OTU1995	0	0	0	0	0	4
OTU1996	0	0	0	2	0	0
OTU1997	0	1	0	0	0	0
OTU1998	0	0	0	0	0	1
OTU1999	0	0	0	0	0	0
OTU2	8	3	17	1806	117	1382
OTU20	127	55	120	103	68	188
OTU200	1	0	0	0	1	0
OTU2000	0	0	0	0	0	0
OTU2001	0	0	1	0	0	0
OTU2002	0	0	0	2	0	0
OTU2003	0	0	0	0	0	0
OTU2004	0	0	0	0	2	0
OTU2005	0	2	0	0	0	0
OTU2006	0	0	0	0	0	0
OTU2007	0	0	0	0	0	0
OTU2008	0	2	0	0	0	0
OTU2009	0	0	0	0	0	0
OTU201	1	0	2	2	0	49
OTU2010	0	0	0	0	0	0
OTU2011	0	0	0	0	0	0
OTU2012	0	0	0	0	0	0
OTU2013	0	0	0	0	0	0
OTU2014	0	0	0	0	0	0
OTU2015	2	1	1	1	2	1
OTU2016	0	0	0	2	0	0
OTU2017	0	0	0	3	0	1
OTU2018	2	0	0	0	0	1
OTU2019	0	0	0	2	0	1
OTU202	1	1	1	18	3	9
OTU2020	0	0	0	0	0	2
OTU2022	0	0	2	0	0	0
OTU2023	0	0	0	0	0	0
OTU2024	0	2	0	0	0	0
OTU2025	0	0	1	0	0	0
OTU2026	0	0	0	0	0	0
OTU2027	0	0	0	0	0	0
OTU2028	0	0	0	0	0	0
OTU2029	1	1	0	3	0	2
OTU203	3	0	2	9	3	2
OTU2030	0	0	0	0	0	2
OTU2031	0	2	0	0	0	0
OTU2032	1	0	2	2	0	1
OTU2033	0	0	2	0	0	0
OTU2034	0	1	0	0	0	2
OTU2035	2	0	0	0	0	0
OTU2036	0	1	0	1	0	0
OTU2037	10	7	5	3	8	3
OTU2038	3	0	0	0	0	0
OTU2039	2	0	4	2	1	1
OTU204	14	3	22	45	10	26
OTU2040	0	0	0	0	0	0
OTU2041	0	0	0	0	1	0
OTU2042	0	0	0	2	0	0
OTU2043	0	0	0	0	0	0
OTU2044	0	0	2	0	0	0
OTU2045	0	0	0	3	0	0
OTU2046	0	0	0	0	0	0
OTU2047	0	0	0	2	0	0
OTU2048	0	0	2	0	0	0
OTU2049	2	1	1	4	0	0
OTU205	0	0	13	2	1	3
OTU2050	0	2	0	2	3	1
OTU2051	2	0	0	0	0	0
OTU2052	0	0	0	2	0	0
OTU2053	0	0	0	0	0	0
OTU2054	22	25	25	3	3	3
OTU2055	0	1	1	1	0	1
OTU2056	0	0	0	0	0	0
OTU2057	0	0	0	0	0	0
OTU2058	0	0	0	0	0	0
OTU2059	0	0	0	0	0	0
OTU206	1	0	0	0	1	49
OTU2060	0	0	0	0	0	0
OTU2061	0	0	2	0	0	0
OTU2062	0	0	0	0	0	0
OTU2063	0	0	0	0	0	1
OTU2064	0	0	2	0	0	0
OTU207	0	0	1	1	2	26
OTU208	0	0	0	25	0	10
OTU209	9	3	1	4	0	2
OTU21	1	3	8	26	2	8
OTU210	8	6	13	12	6	10
OTU211	6	1	1	6	4	1
OTU212	0	0	0	2	0	24
OTU213	4	2	7	10	1	3
OTU214	0	2	0	0	0	26
OTU215	4	0	2	7	5	0
OTU216	2	1	9	9	3	5
OTU217	0	0	1	1	0	0
OTU218	0	0	0	4	0	69
OTU219	0	0	0	0	0	0
OTU22	4	0	2	23	2	471
OTU220	0	0	0	0	0	40
OTU221	4	0	0	1	2	0
OTU222	0	0	1	2	0	0
OTU223	0	0	0	1	0	0
OTU224	0	0	0	0	0	0
OTU225	0	0	0	0	0	0
OTU226	0	0	0	0	0	0
OTU227	1	1	0	1	1	0
OTU228	19	12	28	22	17	18
OTU229	0	0	0	0	0	0
OTU23	35	21	48	57	31	25
OTU230	0	0	0	0	0	0
OTU231	2	0	2	17	1	3
OTU232	0	1	0	1	0	31
OTU233	1	0	0	11	0	0
OTU234	0	0	0	0	0	0
OTU235	1	0	0	0	0	0
OTU236	1	0	0	0	3	31
OTU237	0	1	0	0	0	23
OTU238	1	0	1	1	0	47
OTU239	0	0	0	1	0	31
OTU240	0	0	0	0	1	0
OTU241	2	0	5	6	3	32
OTU242	0	2	1	1	0	1
OTU243	0	0	0	15	0	1
OTU244	0	0	0	0	0	0
OTU245	3	1	3	7	1	1
OTU246	0	0	0	0	0	0
OTU247	0	0	0	4	0	36
OTU248	1	3	2	1	5	1
OTU249	14	4	6	8	3	3
OTU25	2	0	10	22	3	12
OTU250	0	0	0	0	0	0
OTU251	36	23	39	43	31	21
OTU252	1	2	0	0	2	32
OTU253	0	0	0	110	0	0
OTU254	0	0	1	0	0	0
OTU255	0	0	0	0	0	0
OTU256	0	0	0	0	1	0
OTU257	21	3	12	11	2	9
OTU258	0	0	0	0	0	0
OTU259	0	0	0	0	0	0
OTU26	4	1	4	2	1	2
OTU260	0	0	0	0	0	0
OTU261	0	0	1	0	0	29
OTU262	2	2	5	16	1	3
OTU263	0	0	0	0	0	19
OTU264	6	2	8	5	2	10
OTU265	2	1	2	4	2	0
OTU266	1	0	0	0	0	19
OTU267	2	6	10	11	8	6
OTU268	0	3	0	9	1	15
OTU269	0	0	0	7	0	0
OTU27	21	12	27	31	25	25
OTU270	0	0	0	0	0	8
OTU271	0	0	0	0	1	2
OTU272	0	0	0	10	0	0
OTU274	1	0	0	0	0	0
OTU275	8	4	11	10	6	10
OTU276	5	2	3	9	3	1
OTU277	0	0	0	0	0	0
OTU278	0	0	0	0	0	32
OTU279	0	0	0	0	0	18
OTU28	6	7	3	10	3	9
OTU280	0	0	0	0	0	1
OTU281	0	0	0	42	0	0
OTU282	5	2	5	9	3	3
OTU283	0	0	0	0	0	32
OTU284	0	0	0	0	0	0
OTU285	0	0	0	0	0	0
OTU286	4	0	0	2	0	22
OTU287	0	0	1	0	0	1
OTU288	0	0	0	5	0	0
OTU289	1	0	0	6	0	19
OTU29	15	4	29	12	13	18
OTU290	0	0	0	1	1	11
OTU291	3	0	0	6	0	2
OTU292	0	0	0	0	0	20
OTU293	0	0	4	9	0	15
OTU294	0	0	0	0	0	27
OTU295	4	0	4	2	3	6
OTU296	0	0	1	1	0	2
OTU297	1	0	0	0	0	0
OTU298	0	0	0	0	1	20
OTU299	0	0	0	0	0	23
OTU3	30	28	55	507	13	102
OTU30	149	174	231	30	109	240
OTU300	0	0	0	0	0	0
OTU301	1	2	3	2	0	2
OTU302	7	4	6	9	7	5
OTU303	0	0	0	0	0	26
OTU304	0	1	1	36	0	3
OTU305	3	1	0	1	1	1
OTU306	5	2	2	6	2	3
OTU307	0	0	0	0	0	0
OTU308	0	0	0	0	0	14
OTU309	9	3	8	2	3	3
OTU31	20	5	28	38	23	22
OTU310	0	2	1	6	2	1
OTU311	0	4	9	10	5	3
OTU312	0	0	0	0	0	0
OTU313	0	0	0	0	0	0
OTU314	2	3	6	3	5	3
OTU315	6	0	7	5	5	7
OTU316	1	2	6	4	1	1
OTU317	1	0	0	0	0	25
OTU318	6	6	9	6	2	5
OTU319	2	3	3	11	6	1
OTU32	11	6	22	30	8	51
OTU320	2	0	1	14	1	25
OTU321	0	0	1	0	1	0
OTU322	0	0	0	0	1	0
OTU323	1	1	2	2	1	3
OTU324	0	0	4	3	0	0
OTU325	0	0	0	1	3	0
OTU326	0	0	1	0	0	0
OTU327	2	1	2	1	5	16
OTU328	4	1	2	6	0	2
OTU329	0	0	0	0	0	25
OTU33	28	30	43	26	28	34
OTU330	0	0	2	0	0	0
OTU331	0	0	0	0	0	0
OTU332	0	0	0	4	0	0
OTU333	0	0	0	0	1	0
OTU334	1	0	0	0	0	34
OTU335	3	1	0	4	0	39
OTU336	0	0	0	5	0	19
OTU337	0	0	0	0	0	17
OTU338	0	0	0	1	0	0
OTU339	0	0	0	0	0	0
OTU34	0	2	0	12	2	5
OTU340	1	0	0	0	0	28
OTU341	5	1	6	3	6	18
OTU342	0	0	0	0	0	17
OTU343	0	0	1	0	0	18
OTU344	1	0	4	3	1	2
OTU345	0	1	0	9	0	34
OTU346	1	0	3	4	1	0
OTU347	0	0	0	0	0	0
OTU348	0	0	0	0	0	0
OTU349	0	0	0	0	0	6
OTU35	0	0	0	0	0	25
OTU350	0	0	0	0	0	0
OTU351	0	0	0	0	0	0
OTU352	0	0	1	0	0	0
OTU353	2	0	0	3	1	6
OTU354	0	1	0	0	0	24
OTU355	0	0	0	0	0	15
OTU356	0	0	0	0	0	0
OTU357	1	0	0	2	0	0
OTU358	2	1	6	1	1	2
OTU359	0	0	0	9	1	7
OTU36	2	0	0	7	1	2
OTU360	0	0	0	5	0	5
OTU361	0	0	0	0	0	17
OTU362	0	0	0	0	0	24
OTU363	0	1	0	6	0	16
OTU364	0	0	0	0	0	8
OTU365	0	0	0	0	0	0
OTU366	1	0	1	2	0	0
OTU367	0	0	0	0	0	38
OTU368	0	0	0	0	0	0
OTU369	0	2	2	1	3	14
OTU37	9	6	25	22	10	24
OTU370	0	0	0	0	0	0
OTU371	33	20	38	25	27	17
OTU372	6	1	1	87	0	0
OTU373	0	0	0	0	0	0
OTU374	4	4	4	4	6	6
OTU375	6	2	2	1	2	2
OTU376	0	0	0	1	0	0
OTU377	0	0	0	0	0	0
OTU378	0	1	0	3	1	6
OTU379	0	0	5	5	1	5
OTU38	3	3	1	4	4	4
OTU380	0	0	0	0	0	0
OTU381	0	0	0	0	0	0
OTU382	4	1	16	9	4	6
OTU383	0	0	0	3	2	4
OTU384	0	0	0	0	0	0
OTU385	0	0	0	0	0	0
OTU386	0	0	0	0	0	10
OTU387	0	0	0	0	0	14
OTU388	0	0	0	0	0	0
OTU389	6	7	7	7	4	3
OTU39	12	6	4	2	6	3
OTU390	0	0	0	0	0	0
OTU391	0	0	0	0	0	0
OTU392	0	0	0	0	0	2
OTU393	1	0	0	0	0	1
OTU394	0	1	0	0	0	23
OTU395	0	0	0	0	0	0
OTU396	0	0	0	0	0	16
OTU397	5	2	3	5	0	1
OTU398	0	1	3	2	1	1
OTU399	0	0	0	0	0	0
OTU4	53	26	47	382	14	174
OTU40	0	0	0	3	1	25
OTU400	0	0	0	0	0	6
OTU401	0	0	0	0	0	0
OTU402	0	0	0	0	1	16
OTU403	0	0	0	1	1	0
OTU404	0	0	0	0	0	10
OTU405	0	0	0	0	0	5
OTU406	0	0	0	0	0	1
OTU407	0	0	0	5	0	3
OTU408	0	0	0	0	0	0
OTU409	1	0	0	1	0	10
OTU41	3	0	8	23	2	3
OTU410	8	0	4	3	0	8
OTU411	1	0	0	0	2	0
OTU412	0	0	0	0	0	2
OTU413	0	0	0	0	0	1
OTU414	0	1	0	1	0	16
OTU415	0	0	1	2	0	15
OTU416	0	0	0	0	0	0
OTU417	0	0	0	0	0	0
OTU418	0	0	0	0	0	0
OTU419	0	0	0	0	0	0
OTU42	1	2	2	1	3	59
OTU420	0	0	0	0	3	18
OTU421	0	0	0	9	1	0
OTU422	0	2	4	1	0	3
OTU423	0	0	0	0	0	18
OTU424	0	0	0	0	0	0
OTU425	2	1	0	4	6	6
OTU426	0	0	0	2	0	0
OTU427	1	1	1	7	0	0
OTU428	4	2	1	2	2	2
OTU429	5	6	3	4	6	7
OTU43	7	1	7	7	3	6
OTU430	0	0	0	0	0	10
OTU431	0	0	0	0	0	16
OTU432	8	2	8	7	3	0
OTU433	1	3	2	6	0	6
OTU434	7	3	7	7	5	9
OTU435	0	0	1	0	0	0
OTU436	0	1	0	3	0	0
OTU437	0	0	0	0	0	0
OTU438	0	0	0	0	0	0
OTU439	0	0	0	0	0	0
OTU44	1	2	6	1	3	2
OTU440	0	0	0	0	0	0
OTU441	0	0	1	0	0	0
OTU442	0	0	0	0	1	0
OTU443	0	0	0	0	0	0
OTU444	2	0	0	2	5	3
OTU445	0	0	0	0	0	0
OTU446	0	0	0	0	0	0
OTU447	0	0	0	0	0	11
OTU448	0	0	0	0	0	25
OTU449	5	4	6	11	1	0
OTU45	2	0	1	0	1	1
OTU450	6	2	8	2	2	4
OTU451	0	0	0	0	0	1
OTU452	0	0	0	0	0	1
OTU453	1	1	0	1	1	3
OTU454	0	0	0	0	0	0
OTU455	3	0	4	0	4	0
OTU456	0	0	0	0	0	2
OTU457	1	1	5	6	1	1
OTU458	0	0	0	0	0	0
OTU459	0	0	0	0	0	0
OTU46	7	2	5	6	3	10
OTU460	0	0	0	0	0	0
OTU461	0	1	1	2	4	1
OTU462	5	2	11	16	4	4
OTU463	0	0	0	0	0	0
OTU464	0	0	0	0	0	0
OTU465	0	0	0	0	0	0
OTU466	0	0	0	0	0	0
OTU467	0	0	0	1	0	0
OTU468	0	0	0	0	0	0
OTU469	6	4	2	3	0	3
OTU47	1	0	1	4	0	1
OTU470	0	0	0	0	0	17
OTU471	0	0	0	0	1	0
OTU472	0	0	0	0	0	0
OTU473	0	0	0	0	0	11
OTU474	0	0	0	0	0	0
OTU475	2	1	7	9	2	5
OTU476	0	1	0	0	0	19
OTU477	4	2	0	4	1	2
OTU478	0	0	0	11	0	0
OTU479	0	0	0	0	0	0
OTU48	44	29	50	54	34	28
OTU480	0	0	0	0	0	1
OTU481	0	0	0	0	0	7
OTU482	0	0	0	7	0	1
OTU483	0	0	0	1	0	0
OTU484	1	1	3	6	3	4
OTU485	0	0	0	0	0	0
OTU486	1	0	1	3	1	1
OTU487	4	4	5	6	3	2
OTU488	0	1	0	0	0	17
OTU489	0	0	1	0	0	0
OTU49	13	8	12	13	4	6
OTU490	0	0	0	1	0	0
OTU491	0	0	0	0	0	0
OTU492	0	0	0	0	0	0
OTU493	3	1	2	4	3	0
OTU494	0	1	4	0	3	0
OTU495	0	0	0	16	0	4
OTU496	1	1	4	2	2	2
OTU497	0	0	0	0	0	0
OTU498	0	1	0	0	1	0
OTU5	38	34	74	908	107	1306
OTU50	8	5	6	20	4	10
OTU500	0	1	1	4	0	4
OTU501	0	0	1	0	0	0
OTU502	1	0	0	0	0	0
OTU503	9	5	7	12	4	10
OTU504	2	2	1	1	2	1
OTU505	0	0	0	0	0	0
OTU506	0	0	0	1	0	0
OTU507	5	5	2	7	3	4
OTU508	0	0	0	1	0	0
OTU509	0	0	0	0	0	0
OTU51	1	0	0	7	0	0
OTU510	0	0	2	0	0	14
OTU511	0	0	0	1	0	17
OTU512	0	0	0	0	0	0
OTU513	0	0	0	0	0	0
OTU514	0	0	0	0	0	0
OTU515	0	0	0	0	0	9
OTU516	0	0	0	0	0	0
OTU517	0	0	0	6	0	0
OTU518	0	0	0	0	0	1
OTU519	0	0	1	0	0	0
OTU52	1	0	0	6	2	26
OTU520	1	2	3	1	2	12
OTU521	2	1	5	6	2	3
OTU522	0	0	0	0	0	0
OTU523	0	2	1	2	0	0
OTU524	0	0	0	0	0	0
OTU525	0	0	7	7	8	1
OTU526	0	0	1	0	0	0
OTU527	0	0	0	0	0	11
OTU528	1	0	4	1	0	1
OTU529	0	0	2	0	0	1
OTU53	3	1	1	0	0	0
OTU530	2	0	1	1	3	1
OTU531	0	0	0	0	0	12
OTU532	0	0	1	15	0	0
OTU533	0	0	1	0	0	0
OTU534	0	0	0	0	0	0
OTU535	0	0	0	0	0	1
OTU536	4	1	4	2	1	0
OTU537	0	0	0	0	0	10
OTU538	0	0	0	0	1	0
OTU539	0	0	0	0	0	0
OTU54	1	1	1	0	2	0
OTU540	4	3	5	3	1	3
OTU541	3	0	3	4	1	4
OTU542	0	0	0	0	0	0
OTU543	0	0	0	0	0	14
OTU544	0	0	0	0	0	0
OTU545	2	1	1	0	3	1
OTU546	4	2	5	2	4	0
OTU547	0	0	0	0	0	0
OTU549	0	0	1	0	0	0
OTU55	1	1	3	5	8	108
OTU550	0	0	0	0	0	0
OTU551	0	0	0	0	0	0
OTU552	0	0	0	0	0	0
OTU553	0	0	0	0	0	0
OTU554	0	0	2	0	0	0
OTU555	0	0	0	0	1	18
OTU556	0	1	0	1	0	0
OTU557	0	0	0	1	1	0
OTU558	1	0	4	1	4	1
OTU559	0	3	0	11	0	0
OTU56	2	4	4	8	1	20
OTU560	5	4	12	43	1	3
OTU561	0	0	0	0	0	0
OTU562	0	0	0	0	0	0
OTU563	2	2	3	1	0	3
OTU564	1	0	0	0	0	0
OTU565	0	0	0	0	0	0
OTU566	1	0	0	0	0	0
OTU567	0	0	0	0	0	11
OTU568	1	1	2	1	0	0
OTU569	0	0	0	0	0	0
OTU57	0	1	0	0	0	141
OTU570	2	4	2	4	3	5
OTU571	0	0	0	0	0	0
OTU572	0	0	0	0	0	0
OTU573	0	1	3	0	3	0
OTU574	0	0	0	0	0	20
OTU575	0	0	0	0	0	0
OTU576	0	0	0	0	0	10
OTU577	0	0	0	1	0	1
OTU578	2	3	6	2	2	6
OTU579	0	1	0	1	0	1
OTU58	8	6	15	8	7	85
OTU580	0	0	0	0	0	1
OTU581	14	15	29	30	20	23
OTU582	0	0	0	0	0	0
OTU583	3	1	1	1	1	0
OTU584	0	0	1	0	0	0
OTU585	0	0	0	0	0	0
OTU586	0	0	0	0	0	0
OTU587	0	0	0	0	0	21
OTU588	0	0	0	0	0	0
OTU589	0	0	0	0	0	0
OTU59	5	2	2	8	2	31
OTU590	0	0	0	0	0	0
OTU591	0	0	0	0	0	0
OTU592	0	0	0	12	0	20
OTU593	2	0	0	4	1	0
OTU594	0	0	0	0	0	0
OTU595	0	0	0	0	0	0
OTU596	0	1	0	0	0	17
OTU597	0	0	0	1	0	6
OTU598	0	0	0	3	0	0
OTU599	0	0	0	0	1	0
OTU6	33	93	202	160	1090	2324
OTU60	3	2	9	3	5	2
OTU600	0	0	0	0	0	0
OTU601	0	0	0	0	0	0
OTU602	0	0	0	0	0	0
OTU603	0	0	1	0	0	0
OTU604	0	0	0	0	0	0
OTU605	0	0	1	1	4	1
OTU606	0	0	0	9	0	0
OTU607	1	0	1	1	0	2
OTU608	0	0	0	0	0	0
OTU609	5	0	0	1	0	2
OTU61	0	0	1	1	0	0
OTU610	0	0	0	0	0	0
OTU611	0	1	1	0	2	0
OTU612	3	0	2	3	3	1
OTU613	1	2	1	3	1	8
OTU614	0	0	0	2	0	0
OTU615	1	0	1	2	0	0
OTU616	0	0	0	0	0	0
OTU617	0	0	0	0	0	0
OTU618	0	0	2	0	0	5
OTU619	2	2	3	2	2	5
OTU62	8	3	8	12	8	6
OTU620	0	0	0	0	0	30
OTU621	0	0	1	0	1	1
OTU622	1	0	0	0	0	0
OTU623	0	0	0	0	0	7
OTU624	0	1	0	0	0	0
OTU625	0	0	1	0	0	0
OTU626	1	1	0	1	0	2
OTU627	0	0	0	0	0	9
OTU628	0	0	0	1	0	0
OTU629	0	0	1	1	0	0
OTU63	0	0	1	7	0	3
OTU630	2	4	2	6	7	2
OTU631	1	2	0	1	1	1
OTU632	0	0	0	0	0	0
OTU633	0	0	0	0	0	8
OTU634	0	0	0	0	0	0
OTU635	0	0	1	1	0	0
OTU636	0	0	0	3	0	0
OTU637	1	1	7	1	0	2
OTU638	0	0	0	0	0	0
OTU639	0	0	0	9	0	0
OTU64	0	1	0	6	0	5
OTU640	1	2	7	1	1	3
OTU641	0	1	1	6	2	1
OTU642	0	0	0	6	0	0
OTU643	0	0	0	14	0	0
OTU644	0	0	0	0	0	0
OTU645	0	0	0	0	0	0
OTU646	0	0	0	0	0	0
OTU647	0	0	0	0	0	18
OTU648	0	0	0	0	0	0
OTU649	0	0	0	2	0	14
OTU65	1	8	2	1	1	5
OTU650	0	0	0	0	0	0
OTU651	0	0	0	0	0	0
OTU652	1	0	1	0	0	12
OTU653	0	0	0	0	0	0
OTU654	1	0	2	2	0	2
OTU655	0	0	1	1	0	2
OTU656	1	0	0	1	0	10
OTU657	0	0	1	0	0	0
OTU658	0	0	0	0	0	2
OTU659	0	0	0	0	0	0
OTU66	0	0	0	2	0	0
OTU660	1	5	3	5	1	2
OTU661	0	0	1	0	0	0
OTU662	2	0	3	4	1	3
OTU663	0	0	0	1	0	0
OTU664	0	0	0	1	1	2
OTU665	0	0	1	1	0	0
OTU666	2	1	1	1	1	2
OTU667	0	0	3	1	0	0
OTU668	3	5	5	3	3	2
OTU669	2	0	1	2	1	0
OTU67	1	0	0	0	0	0
OTU670	0	0	0	0	0	0
OTU671	0	0	1	0	0	10
OTU672	0	0	2	0	0	0
OTU673	2	2	1	4	2	2
OTU674	0	0	0	0	0	0
OTU675	6	2	6	3	3	5
OTU676	2	0	2	3	4	2
OTU677	0	0	0	1	0	5
OTU678	0	0	0	0	0	0
OTU679	0	0	0	6	0	0
OTU68	0	1	0	18	4	16
OTU680	0	1	0	0	0	0
OTU681	4	1	3	3	3	12
OTU682	0	0	0	0	0	0
OTU683	3	0	4	3	4	4
OTU684	0	0	0	6	0	0
OTU685	0	0	0	0	2	0
OTU686	2	0	1	2	0	0
OTU687	4	0	1	2	0	0
OTU688	0	0	0	0	0	0
OTU689	0	2	1	0	1	1
OTU69	2	0	0	1	0	0
OTU690	0	0	9	0	0	2
OTU691	1	1	1	2	0	2
OTU692	4	0	3	4	1	0
OTU693	1	0	0	2	3	1
OTU694	2	1	1	0	0	2
OTU695	0	0	0	1	0	0
OTU696	0	0	0	0	0	0
OTU697	3	1	2	3	2	4
OTU698	0	0	0	0	0	13
OTU699	5	1	2	1	1	2
OTU7	3368	2105	4872	220	89	327
OTU70	5	0	3	0	0	0
OTU700	1	1	1	2	0	0
OTU701	0	0	0	0	0	8
OTU702	0	0	0	0	0	1
OTU703	0	0	0	0	0	0
OTU704	1	0	0	0	0	0
OTU705	0	1	6	3	1	2
OTU706	1	0	4	2	0	1
OTU707	5	0	0	0	0	0
OTU708	0	0	0	7	0	0
OTU709	9	4	3	3	4	4
OTU71	11	6	14	16	8	38
OTU710	0	0	1	0	0	0
OTU711	0	0	0	0	0	0
OTU712	1	1	0	1	1	1
OTU713	1	0	1	1	0	2
OTU714	2	1	1	2	0	0
OTU715	2	1	2	1	0	2
OTU716	0	0	0	4	0	0
OTU717	0	0	0	0	0	0
OTU718	1	0	1	1	0	3
OTU719	0	0	1	5	1	1
OTU72	7	1	8	13	3	33
OTU720	0	0	0	0	0	0
OTU721	0	0	0	0	0	0
OTU722	0	0	0	0	0	0
OTU723	0	0	0	0	0	0
OTU724	0	0	1	13	0	0
OTU725	2	0	1	0	0	0
OTU726	2	1	3	4	1	1
OTU727	5	3	2	3	0	1
OTU728	0	0	0	0	0	0
OTU729	0	0	0	11	1	0
OTU73	1	3	1	3	1	0
OTU730	1	1	1	2	0	2
OTU731	0	0	1	0	0	0
OTU732	0	0	0	0	0	0
OTU733	0	0	0	0	0	0
OTU734	0	0	1	0	0	0
OTU735	0	0	0	0	0	8
OTU736	1	0	0	0	0	0
OTU737	1	4	2	2	1	1
OTU738	0	0	1	0	0	0
OTU739	0	0	0	9	0	2
OTU74	0	0	1	3	1	97
OTU740	2	0	0	1	2	0
OTU741	0	0	0	0	0	0
OTU742	0	0	1	2	1	2
OTU743	0	0	0	0	0	0
OTU744	0	0	0	0	0	0
OTU745	0	0	0	0	0	0
OTU746	0	0	0	0	0	8
OTU747	0	0	1	0	1	9
OTU748	0	0	0	0	1	0
OTU749	0	0	0	0	0	0
OTU75	2	1	4	13	8	3
OTU750	0	0	0	0	0	0
OTU751	1	0	1	5	2	22
OTU752	0	0	0	0	0	0
OTU753	0	1	0	0	0	0
OTU754	3	0	3	2	2	2
OTU755	0	0	3	0	0	0
OTU756	1	1	2	5	0	3
OTU757	0	4	2	0	3	0
OTU758	0	0	0	0	0	0
OTU759	1	0	0	1	1	1
OTU76	1	2	2	8	3	3
OTU760	0	0	0	0	0	10
OTU761	0	2	1	2	1	0
OTU762	0	0	0	0	0	0
OTU763	0	0	0	0	0	0
OTU764	0	0	0	0	0	0
OTU765	0	0	0	0	1	0
OTU766	0	0	0	0	0	0
OTU767	5	3	4	7	3	2
OTU768	0	0	0	0	0	9
OTU769	0	0	0	0	0	0
OTU77	5	12	11	9	9	35
OTU770	0	0	0	0	0	0
OTU771	0	0	0	0	0	0
OTU772	2	0	3	5	3	2
OTU773	1	0	2	0	0	0
OTU774	1	1	0	2	3	0
OTU775	0	0	1	2	0	1
OTU776	0	0	0	0	0	0
OTU777	1	0	1	0	0	1
OTU778	0	0	0	0	0	0
OTU779	0	0	0	9	0	0
OTU78	0	0	0	0	0	0
OTU780	0	0	0	0	0	5
OTU781	0	0	2	2	2	0
OTU782	4	1	2	2	1	1
OTU783	0	1	0	0	0	0
OTU784	6	5	7	1	4	3
OTU785	2	1	2	2	0	1
OTU786	0	0	0	0	0	4
OTU787	0	0	0	3	1	0
OTU788	0	3	0	1	1	0
OTU789	0	0	0	0	0	0
OTU79	0	0	0	0	0	0
OTU790	0	0	1	4	1	0
OTU791	1	0	1	1	0	0
OTU792	0	0	0	0	0	0
OTU793	0	0	0	0	0	0
OTU794	0	0	0	0	0	0
OTU795	1	0	0	0	0	0
OTU796	0	0	0	0	0	0
OTU797	0	0	0	0	0	0
OTU798	0	0	0	0	0	0
OTU799	0	0	0	0	0	11
OTU8	0	6	9	123	2	7
OTU80	5	0	14	14	14	9
OTU800	2	3	0	3	2	1
OTU801	0	0	0	0	0	0
OTU802	1	0	5	4	1	0
OTU803	0	0	0	0	1	0
OTU804	0	0	0	0	0	0
OTU805	1	0	1	1	0	0
OTU806	0	0	0	0	0	0
OTU807	0	1	0	0	0	0
OTU808	2	1	4	0	0	4
OTU809	0	0	0	3	0	0
OTU81	6	3	3	15	2	14
OTU810	0	1	0	1	4	0
OTU811	0	0	0	0	0	3
OTU812	0	0	0	0	0	0
OTU813	0	1	1	0	0	0
OTU814	0	1	2	1	1	2
OTU815	0	0	0	4	0	0
OTU816	0	1	3	0	0	2
OTU817	0	1	1	0	1	1
OTU818	0	0	0	0	0	0
OTU819	0	0	0	0	0	0
OTU82	7	0	4	10	2	9
OTU820	1	0	2	0	0	0
OTU821	0	2	2	1	1	2
OTU823	0	0	0	0	0	0
OTU824	0	0	1	0	0	2
OTU825	14	7	14	20	7	14
OTU826	0	0	3	0	1	0
OTU827	0	0	1	0	0	1
OTU828	0	0	0	0	0	0
OTU829	0	0	0	0	0	0
OTU83	3	4	2	6	3	2
OTU830	0	0	0	0	1	0
OTU831	0	0	0	0	0	0
OTU832	4	0	0	1	2	1
OTU833	0	3	0	0	0	0
OTU834	6	1	2	0	0	1
OTU835	3	0	0	0	0	0
OTU836	0	0	1	5	0	0
OTU837	3	0	0	0	0	0
OTU838	2	3	2	0	0	2
OTU839	0	0	0	0	0	0
OTU84	0	0	0	0	0	0
OTU840	1	0	2	1	0	0
OTU841	0	0	1	3	0	8
OTU842	0	0	0	0	0	0
OTU843	2	0	1	2	0	0
OTU844	0	0	2	2	4	1
OTU845	4	1	0	1	0	5
OTU846	0	0	0	0	0	5
OTU847	1	0	1	3	1	2
OTU848	0	0	0	0	0	0
OTU849	0	0	0	4	0	2
OTU85	14	5	17	16	5	7
OTU850	3	8	8	6	7	7
OTU851	0	0	0	3	0	6
OTU852	2	0	0	0	0	1
OTU853	0	0	0	0	0	0
OTU854	0	0	0	0	0	0
OTU855	2	0	1	0	1	1
OTU856	3	0	0	0	0	1
OTU857	0	0	0	0	0	0
OTU858	0	0	0	0	0	0
OTU859	0	0	0	0	0	0
OTU86	0	0	0	4	2	1
OTU860	0	0	0	0	1	0
OTU861	0	0	0	0	0	0
OTU862	0	0	0	3	0	0
OTU863	3	3	4	2	2	2
OTU864	0	0	0	0	0	0
OTU865	0	0	0	0	1	0
OTU866	0	0	0	0	0	0
OTU867	1	0	0	0	0	0
OTU868	0	0	0	0	0	0
OTU869	0	0	0	2	0	2
OTU870	0	0	0	0	0	3
OTU871	0	0	0	0	0	3
OTU872	0	0	2	2	0	0
OTU873	0	0	0	0	0	0
OTU875	0	1	0	0	0	0
OTU876	0	0	0	0	0	0
OTU877	0	0	2	0	1	0
OTU878	0	0	0	10	0	0
OTU879	0	0	0	0	0	0
OTU88	0	0	0	0	1	52
OTU880	2	0	0	0	0	0
OTU881	0	0	0	5	0	0
OTU882	0	0	0	0	0	26
OTU883	0	0	0	0	0	0
OTU884	0	0	0	0	0	0
OTU885	7	6	12	10	5	2
OTU886	0	0	0	0	0	0
OTU887	0	0	0	0	0	19
OTU888	3	0	2	5	0	3
OTU889	0	0	2	0	1	1
OTU89	0	32	0	10	0	44
OTU890	0	0	0	0	0	0
OTU891	0	1	0	5	0	2
OTU892	0	0	0	0	0	0
OTU893	0	0	0	0	0	0
OTU894	0	1	1	2	1	1
OTU895	0	2	0	1	0	0
OTU896	0	0	0	0	0	0
OTU897	1	0	2	4	0	4
OTU898	2	3	1	0	0	2
OTU899	0	0	1	3	0	4
OTU9	2	4	11	13	4	70
OTU90	2	3	1	4	4	5
OTU900	0	0	2	3	1	2
OTU901	0	0	0	0	0	0
OTU902	0	0	0	0	0	0
OTU903	0	1	2	0	1	1
OTU904	0	0	0	0	0	1
OTU905	3	3	2	4	2	3
OTU906	1	1	10	11	2	1
OTU907	1	0	4	2	0	3
OTU908	0	1	0	0	0	4
OTU909	0	0	0	0	1	0
OTU91	0	0	0	0	0	35
OTU910	0	0	0	0	3	0
OTU911	0	0	0	0	0	14
OTU912	0	0	0	1	1	0
OTU913	0	0	0	0	0	9
OTU914	0	0	5	2	0	1
OTU915	0	0	0	0	0	0
OTU916	1	0	1	2	4	2
OTU917	0	0	1	0	0	2
OTU918	0	0	0	7	0	0
OTU919	2	4	3	1	1	0
OTU92	0	0	0	0	0	1
OTU920	0	0	0	0	0	0
OTU921	0	0	0	3	0	0
OTU922	0	0	0	0	0	0
OTU923	0	1	0	1	1	0
OTU924	3	3	4	1	2	1
OTU925	0	0	0	0	0	0
OTU926	0	0	0	0	0	0
OTU927	0	3	1	0	1	2
OTU928	0	1	0	3	0	0
OTU929	1	0	1	0	0	1
OTU93	0	0	1	9	2	1
OTU930	0	0	0	5	0	0
OTU931	0	0	0	6	0	0
OTU932	0	0	0	0	0	0
OTU933	0	0	0	0	0	1
OTU934	3	0	4	3	2	2
OTU935	0	0	4	0	0	0
OTU936	0	0	1	1	0	3
OTU937	1	0	0	0	0	3
OTU938	0	1	0	3	1	2
OTU939	0	2	0	8	0	0
OTU94	2	0	0	1	0	59
OTU940	0	0	0	1	0	0
OTU941	0	0	1	2	0	0
OTU942	0	0	0	0	0	0
OTU943	0	0	0	0	3	0
OTU944	0	0	0	1	0	0
OTU945	2	0	0	2	1	0
OTU946	1	0	1	1	0	0
OTU947	0	0	0	1	0	3
OTU948	0	0	1	2	0	0
OTU949	3	0	1	7	3	2
OTU95	1	1	1	4	2	34
OTU950	0	1	1	4	0	4
OTU951	2	0	1	0	2	1
OTU952	2	2	4	2	1	1
OTU953	0	0	0	0	2	0
OTU954	0	0	1	0	1	0
OTU955	0	0	1	1	0	0
OTU956	0	0	0	7	2	0
OTU957	0	0	0	0	0	0
OTU958	0	0	0	0	0	0
OTU959	0	0	0	0	0	0
OTU96	0	0	0	0	0	69
OTU960	0	0	1	2	0	0
OTU961	0	0	0	0	0	0
OTU962	0	0	0	0	0	1
OTU963	0	0	0	0	0	0
OTU964	2	0	0	1	0	0
OTU965	0	0	0	0	0	0
OTU966	0	0	0	0	0	0
OTU967	0	0	1	1	1	0
OTU968	0	1	1	6	0	2
OTU969	0	0	0	1	1	0
OTU97	1	1	7	63	2	92
OTU970	2	0	0	0	0	0
OTU971	0	0	0	1	0	0
OTU972	1	0	0	0	0	0
OTU973	0	0	0	5	0	0
OTU974	2	1	3	2	1	0
OTU975	0	0	0	0	0	0
OTU976	0	0	0	0	0	3
OTU977	3	0	0	0	0	1
OTU978	0	0	0	0	0	0
OTU979	1	0	1	3	0	0
OTU98	0	0	0	0	0	68
OTU980	0	0	0	0	0	6
OTU981	0	0	0	0	0	0
OTU982	0	0	0	0	0	0
OTU983	1	3	0	1	0	1
OTU984	0	0	0	0	0	0
OTU985	0	0	0	0	0	0
OTU986	5	3	1	4	1	2
OTU987	1	2	1	1	0	0
OTU988	1	0	0	0	3	0
OTU989	1	0	1	0	0	0
OTU99	0	0	0	0	0	19
OTU990	1	0	2	2	2	0
OTU991	4	3	3	2	5	4
OTU992	0	0	0	0	0	1
OTU993	0	0	0	0	0	0
OTU994	2	2	3	1	0	0
OTU995	2	0	3	2	0	2
OTU996	0	0	4	6	0	0
OTU997	1	0	4	1	0	0
OTU998	8	6	10	9	10	1
OTU999	3	0	2	2	0	1
