Sample	MC	NH	NO3	N	C	K	P	pH	Cnratio
B1	35.33 	8.07 	165.69 	0.86 	11.20 	228.85 	6.33 	5.70 	12.97 
B1D1	31.60 	23.18 	329.70 	0.64 	7.93 	164.50 	4.08 	5.74 	12.42 
B1D2	29.26 	5.06 	48.37 	0.62 	8.21 	232.55 	3.30 	5.92 	13.18 
B1D3	32.92 	7.05 	97.87 	0.60 	9.11 	225.00 	13.12 	4.97 	15.29 
B1D4	20.42 	3.10 	40.94 	0.35 	4.15 	174.65 	1.70 	5.90 	11.93 
B1D5	31.77 	11.68 	178.23 	0.95 	13.81 	289.60 	10.96 	6.68 	14.50 
B1L1	24.62 	7.50 	84.76 	0.58 	8.37 	186.50 	5.00 	5.49 	14.34 
B1L2	20.35 	3.27 	29.37 	0.38 	4.71 	179.25 	3.69 	6.04 	12.30 
B1L3	32.76 	8.32 	94.89 	0.72 	9.77 	214.35 	3.27 	6.15 	13.65 
B1L4	26.97 	20.92 	51.40 	0.73 	10.20 	154.87 	3.29 	6.15 	13.94 
B1L5	19.32 	1.78 	35.61 	0.29 	3.66 	133.10 	2.56 	6.57 	12.56 
B1R1	30.82 	6.88 	56.83 	0.68 	8.69 	174.35 	2.90 	6.62 	12.70 
B1R2	29.36 	5.42 	87.26 	0.39 	5.54 	188.30 	7.61 	5.78 	14.24 
B1R3	26.00 	3.73 	111.27 	0.42 	5.25 	131.60 	3.03 	6.38 	12.45 
B1R4	16.77 	2.05 	36.71 	0.27 	3.61 	86.70 	1.67 	6.38 	13.58 
B1R5	13.31 	2.39 	35.25 	0.20 	2.85 	81.28 	5.89 	5.63 	13.99 
B1U1	29.16 	4.07 	87.84 	0.60 	7.30 	213.43 	9.82 	6.04 	12.13 
B1U2	27.61 	7.02 	38.83 	0.41 	5.12 	144.15 	1.89 	5.75 	12.48 
B1U3	27.06 	4.31 	80.96 	0.50 	6.45 	149.50 	2.18 	5.64 	12.81 
B1U4	28.61 	1.51 	35.56 	0.38 	4.59 	276.15 	2.71 	6.70 	12.03 
B1U5	27.54 	3.30 	70.08 	0.49 	5.89 	325.25 	14.81 	5.74 	11.99 
B2	29.69 	7.92 	54.45 	0.68 	7.65 	336.90 	2.30 	6.70 	11.32 
B2D1	26.48 	2.77 	238.13 	0.49 	5.34 	342.80 	2.32 	6.80 	10.90 
B2D2	23.68 	3.86 	51.76 	0.41 	4.26 	351.33 	2.56 	7.16 	10.52 
B2D3	27.82 	8.60 	60.23 	0.61 	6.69 	227.80 	1.53 	7.20 	11.03 
B2D4	32.77 	7.90 	74.26 	1.09 	14.07 	357.10 	4.26 	7.32 	12.94 
B2D5	21.09 	5.26 	547.97 	0.61 	7.51 	445.40 	2.58 	7.58 	12.39 
B2L1	24.00 	1.24 	83.35 	0.48 	5.09 	282.60 	5.65 	6.08 	10.66 
B2L2	28.89 	5.69 	82.54 	0.68 	7.56 	359.65 	2.07 	7.21 	11.07 
B2L3	28.89 	1.65 	15.20 	0.15 	1.59 	300.00 	4.52 	7.21 	10.70 
B2L4	18.73 	7.00 	137.14 	0.60 	7.06 	568.65 	3.26 	7.18 	11.80 
B2L5	26.24 	23.49 	56.25 	0.55 	6.79 	239.40 	4.42 	7.13 	12.30 
B2R1	33.39 	9.40 	86.34 	0.69 	7.96 	371.55 	4.00 	6.68 	11.48 
B2R2	28.13 	5.51 	48.98 	0.51 	5.81 	421.80 	2.09 	7.19 	11.30 
B2R3	27.79 	4.99 	43.57 	0.44 	4.70 	296.70 	2.48 	7.12 	10.59 
B2R4	11.98 	7.06 	31.44 	0.27 	3.38 	98.44 	4.72 	7.11 	12.62 
B2R5	24.33 	4.69 	65.27 	0.43 	5.40 	152.00 	1.43 	6.38 	12.46 
B2U1	27.74 	3.28 	52.82 	0.58 	6.64 	365.57 	2.38 	6.97 	11.36 
B2U2	24.60 	4.87 	72.23 	0.58 	6.45 	305.60 	2.90 	7.03 	11.16 
B2U3	10.05 	0.37 	71.16 	0.21 	2.30 	68.89 	1.33 	6.54 	11.18 
B2U4	13.23 	1.36 	14.47 	0.15 	1.67 	48.07 	0.87 	6.85 	11.20 
B2U5	3.81 	0.75 	5.99 	0.10 	1.06 	61.35 	6.26 	6.36 	10.96 
B3	16.83 	2.75 	40.66 	0.36 	3.85 	181.00 	1.64 	6.40 	10.77 
B3D1	0.00 	8.82 	106.65 	0.44 	4.78 	270.33 	11.77 	6.28 	10.78 
B3D2	16.51 	7.50 	48.74 	0.33 	3.73 	143.55 	1.64 	6.28 	11.30 
B3D3	16.15 	10.37 	84.83 	0.34 	3.81 	132.00 	4.94 	6.30 	11.14 
B3D4	15.38 	8.15 	14.82 	0.29 	3.27 	106.05 	0.28 	6.22 	11.16 
B3D5	16.45 	8.35 	26.84 	0.23 	2.53 	179.25 	3.07 	6.14 	10.83 
B3L1	17.12 	8.36 	13.23 	0.41 	4.49 	133.20 	0.30 	6.60 	11.02 
B3L2	11.49 	4.55 	116.45 	0.46 	5.02 	139.90 	1.12 	6.39 	10.98 
B3L3	16.49 	3.67 	52.76 	0.44 	4.82 	211.95 	0.73 	6.33 	11.04 
B3L4	20.02 	2.59 	13.43 	0.30 	3.34 	107.65 	0.54 	6.69 	11.27 
B3L5	10.66 	7.78 	64.49 	0.33 	3.58 	133.55 	0.98 	6.46 	10.82 
B3R1	11.49 	3.03 	78.40 	0.33 	3.52 	113.50 	0.59 	6.51 	10.63 
B3R2	16.49 	9.72 	42.25 	0.37 	4.02 	147.05 	0.55 	6.18 	10.95 
B3R3	20.02 	5.01 	204.67 	0.41 	4.47 	121.68 	0.51 	6.59 	10.96 
B3R4	10.66 	2.39 	48.99 	0.23 	2.49 	26.96 	9.77 	6.59 	10.73 
B3R5	12.66 	1.97 	17.35 	0.18 	1.96 	23.18 	4.29 	6.58 	10.66 
B3U1	17.42 	3.08 	30.73 	0.36 	4.03 	98.40 	0.44 	6.57 	11.27 
B3U2	17.49 	8.10 	16.49 	0.37 	4.09 	95.82 	0.77 	6.63 	11.00 
B3U3	17.85 	2.07 	26.63 	0.34 	3.74 	82.47 	0.64 	6.51 	10.86 
B3U4	14.69 	2.82 	26.77 	0.37 	4.25 	70.80 	4.27 	5.99 	11.60 
B3U5	11.16 	0.92 	61.20 	0.23 	2.59 	41.87 	13.67 	5.99 	11.46 
T0	1.17 	8.02 	2.28 	0.20 	2.10 	149.28 	5.23 	6.73 	10.29 
T0D1	1.35 	6.78 	2.36 	0.24 	2.62 	165.65 	6.97 	6.58 	10.73 
T0D2	1.04 	6.64 	1.46 	0.20 	2.03 	140.50 	3.07 	6.62 	10.33 
T0D3	1.44 	3.66 	26.28 	0.19 	2.01 	123.10 	5.64 	6.84 	10.72 
T0D4	1.03 	10.34 	64.90 	0.22 	2.44 	138.90 	5.66 	6.95 	10.92 
T0D5	1.44 	-0.49 	0.26 	0.25 	2.82 	167.45 	2.45 	6.54 	11.40 
T0D6	1.21 	12.00 	3.65 	0.28 	3.33 	171.60 	40.28 	6.36 	11.73 
T0L1	1.39 	6.13 	8.00 	0.21 	2.16 	153.50 	5.34 	6.78 	10.48 
T0L2	1.39 	6.70 	10.61 	0.24 	2.60 	163.70 	5.27 	6.58 	10.65 
T0L3	1.39 	9.45 	64.88 	0.25 	2.72 	152.55 	4.84 	6.28 	10.84 
T0L4	1.37 	7.07 	52.61 	0.24 	2.57 	116.70 	4.10 	6.68 	10.78 
T0L5	1.46 	6.72 	52.90 	0.26 	2.83 	156.40 	6.22 	6.58 	10.81 
T0L6	1.28 	11.73 	1.22 	0.25 	2.65 	109.20 	4.23 	6.74 	10.48 
T0R1	1.69 	2.06 	69.05 	0.23 	2.49 	103.95 	4.80 	6.45 	11.04 
T0R2	1.96 	2.05 	2.02 	0.22 	2.41 	92.91 	2.20 	6.68 	11.19 
T0R3	1.39 	10.45 	2.28 	0.27 	2.91 	201.47 	40.56 	6.52 	10.91 
T0R4	1.44 	6.78 	2.06 	0.28 	3.21 	139.55 	4.84 	6.32 	11.42 
T0R5	1.56 	8.13 	2.09 	0.32 	3.78 	125.20 	45.68 	6.25 	11.64 
T0R6	1.46 	8.10 	1.28 	0.30 	3.55 	150.95 	24.46 	6.46 	11.72 
T0U1	1.58 	6.78 	2.96 	0.22 	2.32 	143.40 	5.15 	6.49 	10.43 
T0U2	1.25 	7.56 	2.30 	0.22 	2.49 	131.10 	3.62 	6.75 	11.08 
T0U3	1.35 	5.92 	11.04 	0.20 	2.10 	142.00 	5.21 	6.52 	10.29 
T0U4	1.31 	13.66 	1.24 	0.26 	2.83 	158.60 	4.90 	6.54 	10.87 
T0U5	2.13 	9.45 	76.25 	0.24 	2.48 	150.40 	5.37 	6.53 	10.41 
T0U6	1.43 	10.07 	2.52 	0.27 	2.99 	156.30 	9.43 	6.48 	10.93 
T1	1.41 	12.64 	1.20 	0.24 	2.57 	122.35 	5.18 	6.59 	10.70 
T1D1	1.37 	9.97 	1.12 	0.24 	2.70 	105.75 	30.95 	6.60 	11.38 
T1D2	1.48 	11.79 	2.81 	0.26 	2.87 	89.40 	6.16 	6.14 	11.16 
T1D3	1.76 	11.70 	2.11 	0.27 	3.01 	136.35 	5.36 	6.32 	11.07 
T1D4	1.35 	13.04 	2.22 	0.23 	2.40 	122.25 	6.58 	6.31 	10.52 
T1D5	1.57 	12.40 	2.38 	0.26 	2.80 	173.05 	27.19 	6.58 	10.96 
T1D6	1.63 	8.35 	2.17 	0.23 	2.66 	84.75 	4.42 	6.58 	11.44 
T1L1	1.75 	9.39 	2.06 	0.25 	2.74 	121.50 	6.79 	6.34 	11.09 
T1L2	1.61 	14.32 	1.97 	0.23 	2.44 	132.20 	9.45 	6.39 	10.37 
T1L3	1.71 	11.83 	1.02 	0.24 	2.78 	207.95 	5.78 	6.39 	11.46 
T1L4	2.12 	7.17 	2.27 	0.18 	1.75 	124.10 	16.19 	6.35 	9.66 
T1L5	1.19 	10.10 	2.43 	0.21 	2.21 	126.50 	6.53 	6.43 	10.70 
T1L6	1.85 	9.35 	2.70 	0.25 	2.53 	129.40 	5.29 	6.52 	10.28 
T1R1	1.78 	14.01 	1.20 	0.22 	2.37 	145.25 	27.66 	6.25 	10.63 
T1R2	1.95 	13.01 	0.96 	0.22 	2.39 	126.90 	7.22 	6.49 	10.71 
T1R3	1.65 	13.55 	1.00 	0.24 	2.65 	118.60 	4.05 	6.49 	10.92 
T1R4	1.89 	13.25 	1.11 	0.24 	2.82 	103.25 	5.52 	6.54 	11.60 
T1R5	1.41 	16.24 	1.07 	0.24 	2.78 	99.68 	37.93 	6.25 	11.71 
T1R6	2.10 	12.87 	0.92 	0.20 	2.25 	112.70 	5.99 	6.55 	11.05 
T1U1	1.48 	16.27 	1.19 	0.21 	2.10 	113.35 	6.97 	6.51 	10.15 
T1U2	2.51 	4.47 	2.17 	0.13 	1.20 	84.99 	13.74 	6.57 	9.40 
T1U3	1.49 	14.80 	1.71 	0.29 	3.24 	138.10 	8.52 	6.32 	11.37 
T1U4	1.86 	21.12 	1.36 	0.31 	3.60 	139.45 	5.33 	6.27 	11.62 
T1U5	2.65 	11.27 	1.14 	0.21 	2.13 	142.40 	14.61 	6.55 	9.94 
T1U6	1.68 	14.82 	1.19 	0.26 	2.91 	166.60 	13.27 	6.36 	11.20 
DL1	11.39 	2.76 	20.16 	0.03 	0.43 	71.68 	17.20 	5.63 	13.80 
DL10	12.48 	1.93 	19.84 	0.04 	0.42 	71.37 	13.40 	5.63 	11.37 
DL30	16.11 	1.20 	20.32 	0.04 	0.64 	73.41 	17.60 	5.66 	17.35 
DL5	13.61 	1.72 	19.88 	0.03 	0.45 	100.12 	15.40 	5.49 	13.04 
DL75	15.40 	4.13 	26.16 	0.07 	0.93 	78.54 	16.40 	5.48 	13.00 
DR1	12.70 	0.95 	19.68 	0.05 	0.39 	76.65 	9.60 	5.38 	7.62 
DR10	14.34 	0.94 	20.64 	0.03 	0.44 	74.51 	13.40 	5.46 	13.19 
DR30	15.05 	0.16 	19.28 	0.04 	0.48 	194.48 	14.60 	6.78 	12.53 
DR5	16.41 	1.40 	21.32 	0.05 	0.56 	100.10 	10.80 	5.55 	11.98 
DR75	23.88 	4.40 	19.28 	0.07 	0.72 	109.59 	15.40 	5.34 	10.82 
HA0	14.77 	1.57 	21.84 	0.05 	0.43 	57.07 	8.60 	5.51 	9.15 
UL1	12.24 	2.20 	21.04 	0.04 	0.41 	59.56 	10.80 	5.63 	11.21 
UL10	13.45 	1.51 	23.28 	0.04 	0.49 	64.81 	12.80 	5.63 	12.52 
UL30	14.59 	2.37 	22.80 	0.08 	0.82 	78.18 	11.40 	5.66 	10.79 
UL5	13.67 	2.74 	21.60 	0.03 	0.42 	66.24 	8.80 	5.49 	12.77 
UL75	12.45 	2.15 	19.28 	0.05 	0.56 	111.68 	10.80 	5.48 	10.84 
UR1	12.34 	0.48 	18.92 	0.02 	0.34 	82.61 	12.80 	5.78 	13.98 
UR10	16.03 	2.04 	20.60 	0.05 	0.67 	96.52 	13.80 	5.54 	14.19 
UR30	14.91 	2.10 	21.80 	0.06 	0.74 	96.24 	12.60 	5.38 	13.19 
UR5	14.65 	3.83 	22.56 	0.06 	0.69 	83.68 	7.40 	5.45 	11.28 
UR75	17.73 	1.56 	20.48 	0.07 	0.62 	125.37 	12.00 	6.29 	9.24 
